45
42
32
31
42
38
33
32
40
38
41
40
47
43
46
44
53
49
45
43
52
47
47
45
56
55
27
25
51
45
30
26
30
27
36
32
55
46
30
27
30
26
29
26
39
35
27
23
21
19
25
21
26
23
35
33
43
38
32
30
39
34
26
24
34
31
29
27
23
21
33
29
38
34
28
25
25
21
41
36
55
47
26
24
38
34
33
32
43
41
71
67
72
66
74
69
52
51
69
62
70
64
69
62
72
67
74
63
72
62
71
65
65
58
66
58
67
61
20
19
76
70
74
64
72
67
70
64
70
68
70
60
69
63
69
58
72
68
72
58
72
58
71
62
72
60
13
12
72
63
69
59
51
49
71
60
71
62
66
60
68
57
14
13
72
66
68
62
72
66
67
61
69
60
71
61
68
56
64
56
67
61
63
58
61
58
61
55
66
61
62
54
64
54
63
59
63
52
67
61
62
58
63
58
66
59
67
62
51
49
68
62
68
60
66
59
67
61
62
54
63
55
62
55
66
59
59
50
66
61
59
54
59
55
62
56
64
56
59
53
66
59
64
60
50
46
61
53
56
52
65
62
62
58
62
55
66
57
67
60
67
56
66
59
32
30
67
61
59
55
63
56
62
55
62
56
64
56
25
21
41
36
70
64
68
55
58
51
63
52
64
52
65
54
63
60
66
62
65
57
44
41
64
53
65
55
67
62
65
49
66
55
65
57
61
44
23
21
67
59
66
61
65
55
67
60
70
63
70
62
67
55
69
58
41
39
70
66
67
63
72
64
64
56
64
59
64
53
67
60
65
56
62
55
67
55
68
63
66
58
36
34
66
60
28
27
63
60
63
55
65
58
17
17
62
55
64
56
65
57
65
58
62
57
21
20
65
62
66
62
48
44
62
54
46
42
69
61
59
50
63
57
66
58
67
61
68
61
59
52
55
53
64
60
64
57
28
24
66
60
60
56
67
61
66
57
65
59
67
59
62
57
64
57
62
54
65
57
67
62
63
61
67
60
62
52
20
19
49
41
29
28
63
58
65
63
63
58
64
60
63
55
67
61
66
58
66
59
66
61
29
27
62
56
65
61
63
58
19
19
57
46
62
54
41
37
63
58
56
47
57
51
66
64
65
61
30
28
66
57
73
68
66
61
66
60
19
17
67
59
19
19
58
52
33
32
66
58
69
63
66
58
66
58
22
22
57
54
64
59
65
55
64
59
67
61
67
62
65
57
65
58
65
59
67
62
65
55
66
62
63
57
66
60
17
17
64
55
31
29
62
54
63
57
65
60
67
63
64
54
64
60
65
60
66
61
21
21
66
61
67
64
64
60
65
60
67
63
62
57
65
53
65
56
23
22
64
59
65
55
67
59
64
58
64
57
43
40
60
53
68
62
62
56
57
52
60
58
66
61
65
61
66
60
15
15
67
59
64
57
66
61
64
61
66
60
66
58
13
13
63
59
66
61
65
58
65
58
65
57
65
55
67
62
64
58
66
59
65
59
23
21
63
55
61
52
61
55
57
49
58
52
62
52
59
55
62
59
62
57
67
61
16
16
43
39
67
62
46
42
60
55
61
57
63
56
62
57
41
36
32
31
42
39
42
39
60
55
63
54
62
57
57
52
67
62
68
58
71
70
69
62
71
61
69
62
53
45
68
60
73
66
68
60
64
56
35
34
64
60
67
58
45
42
58
53
65
59
64
60
67
61
65
58
65
62
64
61
41
37
66
60
64
57
63
59
64
57
65
59
65
59
41
39
63
60
63
56
62
57
68
58
67
63
65
59
64
60
65
62
64
52
62
52
46
41
21
19
64
58
63
57
66
61
65
62
62
58
62
58
61
53
35
34
66
58
70
62
70
59
65
59
64
60
67
58
67
59
65
63
66
58
36
33
66
60
67
62
66
56
71
60
65
59
68
59
67
58
48
43
60
54
67
62
69
63
36
33
67
62
65
57
66
59
67
59
67
58
66
60
43
39
66
61
39
34
65
60
68
63
41
36
67
60
70
65
71
63
20
20
50
45
64
59
70
61
65
62
46
40
67
58
62
54
60
58
64
58
64
59
43
40
65
57
55
51
65
58
65
58
66
57
14
14
66
59
63
57
29
28
37
32
62
57
66
61
60
51
66
58
66
59
66
57
45
44
65
60
65
58
56
50
67
60
66
57
63
56
66
63
63
59
64
58
59
55
62
56
65
52
60
57
65
60
36
32
75
65
70
64
65
56
64
55
38
37
67
60
61
55
67
57
51
47
68
58
67
59
72
63
33
31
65
55
64
57
69
63
61
54
15
14
66
64
64
55
53
46
68
65
12
11
64
59
40
38
68
58
67
64
69
59
37
36
64
55
65
59
63
57
66
59
64
58
61
54
63
57
66
57
67
62
69
62
20
18
62
58
64
58
62
57
67
56
14
14
