40
37
34
29
8
7
32
29
25
22
23
20
32
28
30
28
28
24
28
23
34
27
31
27
22
20
31
27
29
26
25
22
33
30
34
31
41
37
32
30
27
25
34
31
37
33
40
36
35
32
23
22
29
25
24
23
24
23
25
23
21
20
32
28
34
31
25
24
42
38
36
31
24
22
29
27
25
21
28
26
30
27
22
20
34
32
30
26
28
25
42
38
19
18
23
22
24
21
32
29
45
40
32
29
1
1
10
10
52
36
56
39
60
42
58
38
56
43
54
34
60
38
63
55
61
55
63
55
19
18
65
55
64
54
59
50
63
60
59
53
17
15
58
50
64
59
62
53
59
56
61
53
60
52
60
56
62
57
60
52
60
56
63
59
65
61
65
62
62
58
43
35
63
58
59
54
57
50
60
55
61
58
59
48
62
57
60
52
60
58
62
57
63
56
62
53
65
61
65
61
63
51
62
57
64
59
67
59
61
58
63
56
60
54
68
62
59
53
64
58
62
55
60
59
62
58
65
61
64
49
62
54
60
57
63
55
65
56
63
57
62
60
64
55
62
57
58
55
60
57
65
59
62
56
54
52
62
58
62
50
60
55
62
55
58
51
67
62
63
57
63
59
69
62
68
60
60
56
59
53
60
51
63
56
62
55
65
58
63
54
62
52
66
52
63
55
