45
43
40
38
37
35
42
41
68
57
68
60
66
53
68
61
55
48
68
61
68
60
65
57
64
58
66
58
43
42
60
52
67
62
65
57
69
59
69
55
68
58
68
61
23
21
69
62
64
58
66
60
57
52
69
63
63
59
68
58
68
56
67
51
66
59
69
59
54
48
67
62
64
57
69
60
68
62
69
61
69
63
66
60
67
62
65
55
69
58
68
67
69
61
66
60
69
62
68
60
68
62
67
63
68
57
66
59
68
60
68
66
67
61
46
37
66
59
56
53
67
65
61
59
69
68
67
62
69
60
68
61
67
57
65
60
57
51
66
61
67
59
68
61
69
57
69
64
69
56
67
59
69
64
66
61
69
60
6
6
68
62
66
61
67
62
68
63
67
58
69
65
67
63
67
61
69
64
69
60
68
61
66
57
69
56
65
57
62
55
63
58
64
54
65
59
67
61
63
54
68
64
69
61
67
60
66
62
60
54
69
61
68
62
68
60
67
60
67
61
69
63
67
60
67
55
64
58
67
59
68
62
51
45
63
57
68
61
65
62
69
63
66
62
69
60
66
59
67
63
28
26
64
57
68
60
65
62
68
58
69
60
68
63
27
25
63
58
67
60
66
55
68
61
69
62
67
61
69
64
67
61
7
7
67
60
66
60
68
60
68
58
66
58
67
60
4
4
68
60
66
57
64
58
65
59
41
37
61
50
69
59
69
59
66
58
66
56
62
58
68
60
65
58
66
63
23
20
65
60
66
57
68
58
44
40
68
63
66
61
59
52
67
61
66
61
62
53
9
9
67
60
68
64
63
58
68
60
56
49
68
62
60
55
69
61
69
63
68
61
67
56
69
63
67
59
35
30
64
56
64
54
66
60
62
58
68
64
66
58
67
58
62
52
69
56
44
40
67
63
66
59
68
62
64
54
66
57
21
20
63
58
68
60
68
62
69
60
66
56
68
64
27
22
67
61
26
25
61
55
64
58
14
13
69
62
7
7
66
61
63
61
69
57
59
50
64
58
63
53
66
62
67
58
41
38
68
59
68
63
65
61
67
63
65
56
68
59
68
62
67
62
8
7
19
18
38
36
47
42
45
42
47
44
45
41
67
57
69
62
61
54
36
30
38
37
47
42
46
40
41
39
42
39
43
40
55
43
43
39
41
39
45
41
52
46
44
38
42
39
46
44
49
46
51
47
37
34
57
38
50
45
46
40
38
37
47
43
46
41
45
36
37
35
47
42
46
40
41
39
42
39
65
58
61
57
64
56
68
62
63
54
23
20
69
67
67
59
68
60
68
63
68
65
69
65
67
57
68
58
68
60
65
56
68
61
65
60
