169
145
102
147
122
115
95
128
99
116
115
98
486
42
88
44
42
57
94
67
54
53
70
41
30
46
59
63
69
46
62
37
52
41
33
48
60
39
34
66
94
36
80
157
127
147
146
152
90
167
139
135
144
200
194
226
239
182
185
39
260
434
370
829
345
194
191
195
210
197
164
277
148
15
151
139
91
144
190
128
148
18
140
134
142
173
136
140
137
121
135
113
152
125
129
111
149
119
114
157
119
114
132
132
86
132
168
128
130
116
114
111
132
123
130
105
107
336
121
122
132
117
84
106
101
124
112
109
129
131
133
131
45
129
109
131
115
111
116
34
65
140
132
107
113
118
128
118
128
126
71
203
125
135
126
129
123
112
32
149
130
216
135
140
137
146
141
65
140
130
144
121
133
114
131
125
111
130
133
147
57
132
39
113
113
125
21
111
116
142
126
111
28
162
129
80
109
91
135
104
116
131
131
134
105
111
117
115
39
129
108
129
132
140
133
157
119
110
127
132
129
131
115
26
85
41
114
128
111
139
116
129
127
128
132
40
110
145
114
26
98
111
66
112
182
99
145
124
42
130
150
172
133
42
152
28
100
53
128
134
136
127
47
100
116
125
117
129
130
124
146
124
129
125
147
175
128
25
116
45
113
119
128
133
117
132
125
128
27
150
134
120
126
165
130
134
133
35
123
133
177
126
115
70
108
133
112
101
123
127
124
129
17
133
116
130
151
220
143
16
113
128
134
239
223
221
237
240
223
232
51
196
213
199
181
176
171
172
183
122
154
20
75
139
95
106
115
114
113
67
132
102
101
152
132
166
139
188
180
146
135
139
139
94
133
176
134
121
55
117
129
75
105
164
169
188
192
142
117
97
191
121
113
116
125
133
107
125
121
126
135
131
124
145
136
225
117
76
27
116
116
170
134
121
118
119
57
134
168
138
129
117
168
138
133
142
62
132
136
134
143
126
167
138
85
115
142
148
63
165
139
309
131
130
131
80
138
66
249
136
68
161
153
153
29
89
123
148
145
111
133
112
107
115
119
70
123
128
121
129
132
16
130
116
41
57
149
128
107
128
130
128
79
126
144
99
130
127
117
128
118
129
113
117
125
133
131
159
169
138
127
118
60
129
111
215
88
133
128
145
55
123
115
151
114
19
129
114
93
133
14
116
65
154
132
135
60
123
124
114
146
117
110
118
128
131
135
25
115
118
111
129
16
185
133
128
71
145
131
127
136
133
124
36
127
104
113
118
142
128
139
127
115
114
125
11
133
124
131
100
145
129
129
110
146
132
36
112
111
117
128
113
96
111
24
111
63
150
41
131
132
269
313
57
1640
154
107
131
130
127
114
115
133
129
113
276
276
241
348
136
126
131
106
110
103
113
114
114
110
138
152
124
162
135
139
131
153
137
126
155
38
133
158
148
157
170
145
153
146
39
151
140
134
93
132
133
142
37
121
135
118
40
141
138
25
159
157
161
145
116
116
31
111
124
147
53
128
134
116
137
137
133
140
119
129
124
93
116
118
119
129
124
96
138
143
129
102
111
108
135
132
144
117
55
123
118
127
117
102
68
165
81
132
151
117
112
140
68
113
107
112
103
78
115
115
148
136
113
134
129
107
129
134
201
154
76
160
177
217
122
18
114
110
101
115
139
36
165
181
181
51
105
82
134
129
45
122
116
80
145
125
123
118
117
114
135
127
125
110
132
135
129
65
169
132
136
174
144
147
140
136
130
19
164
125
128
114
165
31
118
126
156
148
146
147
37
7
63
137
163
107
128
128
129
140
131
28
99
126
114
125
140
126
113
134
136
115
125
115
136
127
129
70
136
121
124
46
64
131
51
131
11
180
166
116
130
149
143
112
153
149
42
166
147
129
9
152
125
60
159
19
139
195
147
145
17
110
121
115
109
125
132
150
133
35
112
129
110
120
196
132
129
115
125
117
125
147
112
74
132
124
128
132
125
131
16
126
128
135
111
145
158
178
116
63
71
100
103
104
88
105
142
144
146
144
107
118
130
113
120
50
140
133
125
130
164
139
32
36
127
124
112
134
186
108
116
130
119
129
112
132
155
131
30
131
118
117
117
120
147
35
120
113
145
127
110
72
133
116
113
118
117
124
116
44
125
118
136
129
110
129
114
116
124
125
133
117
129
112
113
39
118
123
129
137
115
126
128
151
127
137
134
131
132
115
132
112
76
129
124
231
151
130
111
131
55
136
105
128
121
115
135
127
114
131
132
119
140
132
126
76
169
105
167
188
153
131
172
161
179
174
133
148
136
153
364
146
162
169
182
273
159
157
142
155
127
136
136
141
150
132
145
128
148
135
126
117
114
116
112
125
117
113
152
146
157
44
135
134
140
140
87
148
145
137
125
126
107
23
116
24
102
114
128
122
109
106
114
110
312
120
116
162
201
163
178
109
112
135
112
147
115
225
13
115
133
112
143
115
124
118
97
186
158
185
192
127
92
140
138
218
204
176
124
46
157
155
62
125
134
113
20
134
134
156
116
133
146
138
135
127
175
15
193
108
130
112
111
126
155
135
111
143
133
130
75
153
126
127
128
136
135
120
143
129
134
127
132
134
129
151
92
114
126
244
86
173
150
313
140
9
113
130
127
109
118
222
128
116
111
136
131
114
140
141
144
191
145
68
42
127
112
132
113
201
149
132
131
125
125
129
109
25
144
129
137
103
113
106
154
140
128
127
147
152
164
145
140
136
45
127
133
239
151
135
134
145
151
182
129
115
118
123
128
130
46
143
115
117
142
137
124
34
124
108
127
108
114
134
134
128
138
125
112
19
133
116
113
109
132
53
125
114
133
129
27
105
12
112
122
34
91
111
106
13
98
42
135
135
44
148
127
134
130
130
125
33
28
201
139
115
75
115
132
129
83
128
131
131
129
154
40
115
117
115
120
117
111
133
135
52
151
145
137
149
212
150
169
97
107
132
128
137
139
163
132
247
117
135
143
144
116
124
130
111
112
116
135
159
136
135
44
125
209
126
150
132
108
111
125
129
127
144
138
126
130
117
128
117
43
130
125
127
115
114
128
118
79
134
108
109
92
159
135
144
213
169
185
157
148
162
148
126
139
156
140
148
95
152
81
153
149
156
164
157
142
150
46
147
164
142
132
135
148
148
180
135
117
130
137
93
109
151
118
131
30
75
144
146
126
140
190
138
158
124
67
123
53
152
172
131
135
163
21
139
131
167
92
154
141
147
84
117
130
135
132
125
70
128
37
141
130
16
125
98
78
197
150
142
125
129
62
117
73
134
15
146
148
148
126
101
139
176
158
87
183
153
202
181
228
205
199
216
161
194
185
59
149
202
180
176
172
184
162
169
202
222
213
259
243
219
198
381
130
206
186
225
170
191
133
141
114
155
117
117
44
123
23
176
147
119
141
139
118
137
138
133
157
112
141
136
129
115
159
128
126
97
141
129
116
118
164
144
119
130
114
130
156
15
134
128
138
130
90
125
13
197
143
134
151
52
114
112
42
132
54
124
130
145
105
106
19
189
261
74
62
124
137
117
164
128
111
106
115
135
102
74
173
148
136
121
158
149
158
137
41
125
133
128
140
165
159
123
111
90
114
125
112
133
123
113
130
113
128
128
182
101
131
137
115
129
76
138
128
126
57
176
131
121
118
178
162
179
128
124
127
103
118
117
127
138
131
102
102
155
116
139
138
110
122
141
111
113
107
39
130
114
125
126
162
116
132
123
109
99
129
146
127
86
127
113
52
141
125
156
150
141
18
115
103
123
105
128
104
115
142
131
224
65
142
129
116
111
126
128
131
144
82
147
313
453
529
222
137
46
145
133
157
123
140
151
181
127
133
112
37
108
114
108
399
172
452
370
153
73
81
100
32
79
107
139
133
250
114
109
79
141
125
110
146
98
122
123
136
135
117
149
163
136
114
114
126
130
18
198
134
135
29
143
150
118
145
140
112
116
129
137
103
144
135
126
116
31
127
16
135
126
194
161
134
125
114
120
28
161
127
127
127
132
110
110
172
157
96
94
103
104
50
108
159
132
140
141
131
93
104
110
163
126
127
34
128
122
184
216
90
172
161
89
176
182
144
63
147
160
165
180
157
135
46
127
117
130
162
48
140
125
137
136
25
123
166
123
112
38
156
116
72
225
165
132
127
117
132
117
157
126
118
127
83
113
102
132
198
303
112
25
132
116
116
160
142
249
135
134
116
174
142
31
124
103
46
143
113
134
112
121
84
132
133
149
170
119
135
121
108
111
124
148
33
156
109
101
114
122
134
177
135
135
137
115
126
115
143
79
130
129
131
119
105
119
135
172
141
124
122
125
35
160
166
122
112
114
59
123
139
159
127
139
141
132
124
143
124
64
150
147
140
139
64
162
143
124
140
68
65
140
155
26
373
116
125
116
158
110
77
143
126
129
87
148
123
136
129
112
131
131
125
153
113
115
110
24
100
113
113
134
108
111
75
162
115
134
137
144
147
145
114
122
134
146
133
16
123
128
126
132
32
108
160
138
113
126
116
92
80
113
142
124
118
91
133
126
118
110
140
116
131
30
118
127
136
147
127
129
109
115
224
113
152
40
124
132
104
127
134
68
149
130
136
130
117
110
131
131
147
130
107
114
84
109
111
132
100
38
104
115
109
118
110
110
162
125
137
130
155
146
266
127
159
151
203
200
143
58
116
91
64
255
147
136
147
144
123
126
122
171
116
105
115
116
125
109
133
127
134
149
120
117
113
147
146
129
116
13
115
127
127
150
116
110
114
110
99
100
103
149
158
119
117
116
132
128
156
133
115
104
39
168
133
133
64
145
24
132
134
135
72
27
117
153
9
129
31
139
128
143
140
194
74
133
136
40
31
117
24
107
118
139
136
125
110
81
64
115
101
140
103
102
136
118
126
119
43
147
166
42
117
130
115
159
190
12
111
156
220
75
139
129
168
143
148
69
147
29
187
136
140
129
115
116
108
159
117
125
125
144
30
166
168
135
127
135
102
123
109
155
117
117
112
107
110
100
89
147
149
112
116
125
126
115
129
117
133
129
130
135
133
46
148
137
105
94
39
128
142
17
150
161
12
27
74
54
126
46
109
90
59
127
95
188
139
136
45
98
112
139
129
112
122
115
17
106
109
72
123
137
106
145
145
129
140
150
124
93
103
159
152
142
189
109
217
130
126
118
161
128
116
125
129
131
88
175
232
102
117
129
134
125
90
140
38
18
56
8
131
130
115
14
113
147
174
100
128
148
136
28
34
144
114
135
118
109
120
108
110
131
118
64
134
26
117
106
148
42
160
112
112
64
125
125
98
111
148
127
130
123
117
44
144
112
123
113
64
151
149
134
243
114
118
118
109
125
37
109
137
145
130
121
124
99
129
132
154
136
48
110
57
169
128
149
126
115
125
129
128
129
93
23
73
140
115
126
126
128
98
111
132
116
130
139
58
234
203
151
140
105
108
114
23
138
151
125
115
106
112
129
130
169
150
128
130
134
137
151
133
139
16
148
125
129
127
168
122
112
115
124
146
135
171
115
137
142
180
161
143
126
130
131
116
136
140
72
29
27
48
101
129
124
127
103
139
171
114
117
130
109
116
345
114
126
127
83
24
115
154
169
153
108
125
124
11
271
210
66
125
126
136
133
68
34
147
109
108
130
56
122
136
130
107
128
164
131
117
104
179
130
23
126
139
132
131
149
115
108
114
133
86
123
125
158
48
201
334
130
167
129
113
172
119
130
79
133
177
150
126
136
116
206
134
129
128
94
126
114
46
194
143
149
159
18
127
145
192
189
145
160
174
196
153
157
175
179
199
153
408
454
33
25
143
135
125
143
131
146
156
155
149
125
133
61
137
323
131
114
129
144
131
125
244
119
124
149
124
134
127
120
24
18
21
153
167
129
137
132
114
114
127
178
143
137
122
132
126
124
147
128
109
115
126
120
111
162
162
112
124
130
116
134
266
128
118
122
120
44
125
166
152
251
128
135
156
124
115
108
116
114
116
112
151
159
128
136
126
114
113
31
273
363
104
607
138
116
126
115
129
127
113
130
129
124
112
73
166
137
125
133
116
109
114
127
112
120
116
125
124
129
136
152
135
124
133
17
102
102
108
128
125
119
125
135
128
63
120
149
151
140
138
122
113
133
131
117
26
93
128
117
78
56
31
111
126
135
40
112
115
119
130
123
116
111
80
132
128
108
101
138
151
106
110
117
196
173
131
126
93
125
113
211
112
183
149
102
112
105
108
105
122
112
133
124
139
117
113
106
174
130
127
76
139
125
125
132
127
115
43
125
36
111
118
160
136
117
27
125
133
136
91
173
40
113
125
31
82
171
27
122
160
153
131
46
131
102
115
111
150
118
115
145
41
139
138
110
186
144
119
130
152
217
42
256
317
130
139
130
131
29
112
154
64
156
161
123
128
128
167
144
240
200
350
251
135
234
192
41
941
112
126
129
119
116
129
106
57
63
37
114
135
133
129
126
77
146
17
142
145
142
140
130
150
127
124
122
128
146
179
138
194
145
134
58
137
81
167
132
147
123
132
156
30
116
50
83
128
123
130
130
159
114
127
129
152
126
127
149
130
136
144
156
137
141
144
130
112
109
62
127
115
139
44
117
112
130
128
62
109
126
165
148
145
29
60
125
123
116
159
125
131
81
113
23
14
115
129
164
65
110
110
127
109
138
107
138
110
130
129
33
116
59
749
63
128
132
157
141
129
129
111
24
31
129
44
147
21
99
21
97
120
94
65
33
133
114
166
113
121
132
133
141
125
161
133
133
131
153
169
146
138
76
130
132
136
171
144
42
107
115
126
75
75
128
99
130
40
106
24
115
110
134
26
133
144
117
142
108
72
78
146
102
135
109
102
111
138
144
117
135
137
114
124
133
132
90
112
190
176
151
142
111
134
169
153
58
124
38
149
40
127
151
131
65
130
139
113
112
112
136
43
141
153
123
107
90
99
127
130
114
130
272
139
199
138
115
121
116
109
105
143
112
119
112
132
131
139
159
138
111
127
113
118
133
142
132
127
161
24
248
67
109
125
115
61
122
49
115
117
129
160
129
139
141
114
138
134
173
112
131
132
118
74
105
126
122
87
62
135
174
144
40
162
145
132
131
113
126
109
144
143
135
128
148
161
132
171
33
130
126
137
115
23
125
13
169
120
130
135
116
103
122
35
163
142
139
127
134
65
139
154
165
142
25
135
60
122
143
112
119
152
126
132
81
83
138
224
45
150
115
106
99
53
142
143
137
131
126
136
176
133
136
155
38
107
99
122
175
140
140
37
109
97
103
107
121
96
105
109
108
109
108
116
132
122
60
126
140
146
140
134
116
95
97
94
106
89
108
78
127
142
135
144
106
125
145
97
130
143
136
122
79
137
35
175
150
125
64
107
103
107
103
141
109
112
124
210
126
123
183
32
110
126
20
126
128
189
143
122
121
120
61
140
29
43
166
17
65
106
105
127
125
54
115
151
131
37
131
136
129
116
61
147
152
297
145
215
157
129
131
231
136
116
143
154
116
126
138
143
137
151
130
126
123
124
125
128
177
38
109
29
114
123
121
105
108
131
115
106
117
107
127
117
116
166
131
63
103
133
119
133
16
176
120
139
114
114
124
114
151
145
138
126
119
225
132
102
102
103
35
139
122
28
60
127
169
119
116
129
125
136
142
114
109
104
111
108
72
114
111
179
136
128
114
126
127
128
136
125
131
107
124
33
113
98
138
19
115
111
137
114
115
46
178
151
87
135
28
126
130
131
165
137
114
106
116
130
152
126
104
111
39
111
162
112
73
166
192
156
110
28
139
135
179
137
43
105
127
126
91
124
163
143
139
123
119
114
125
154
148
141
143
138
177
190
117
105
100
126
127
131
136
116
129
127
114
147
131
193
121
145
138
132
129
120
131
116
127
113
125
62
117
159
73
133
110
90
66
128
114
114
148
142
155
115
108
98
109
191
117
133
140
121
117
121
166
146
111
117
113
132
116
66
73
33
139
23
145
119
148
49
138
156
134
160
259
128
240
67
146
129
154
148
164
152
128
115
179
116
179
130
133
146
147
149
142
139
131
144
155
126
168
123
132
98
109
115
131
76
177
134
113
156
139
136
107
100
120
120
127
101
153
142
167
143
130
134
134
116
136
195
120
135
115
138
135
136
143
108
144
138
41
138
150
149
145
143
142
142
132
138
133
103
101
101
100
95
95
95
161
138
163
115
114
127
190
176
181
175
180
203
182
183
187
167
201
164
152
162
238
141
192
187
197
203
215
178
184
123
185
213
189
183
40
166
63
81
159
163
151
124
80
137
90
14309
46
69
118
111
111
125
128
113
134
145
50
117
113
121
134
135
112
21
141
163
155
159
149
72
110
21
127
106
105
148
133
114
125
138
148
137
90
136
37
14
131
134
142
88
112
66
132
118
50
133
110
117
108
124
149
142
131
56
110
21
166
129
179
132
99
110
127
132
114
129
131
53
123
114
129
115
58
138
149
21
72
123
140
131
134
157
134
66
118
113
118
114
234
201
42
108
134
124
108
96
171
119
116
168
37
135
131
146
139
119
130
138
72
176
157
137
164
115
115
102
124
106
110
141
113
134
135
132
115
149
33
118
138
117
728
18
62
114
2589
279
150
111
174
712
379
291
65
164
46
178
227
62
284
133
125
132
128
132
117
128
150
160
162
234
105
262
128
212
221
312
131
125
202
139
137
149
98
133
124
108
130
117
136
118
133
113
133
132
129
111
132
133
28
134
158
60
130
124
143
131
139
134
62
141
130
132
53
121
111
96
36
139
130
26
112
120
131
330
42
148
143
146
116
106
220
127
112
150
133
114
127
117
127
132
98
153
132
134
100
113
140
138
151
124
101
103
127
120
114
164
130
131
136
74
59
143
137
126
114
75
128
128
130
166
130
130
109
126
141
132
141
143
129
125
128
122
220
207
120
125
122
42
138
113
109
127
112
4259
168
104
131
158
123
37
42
60
45
45
112
128
120
148
72
142
138
125
143
116
118
55
139
21
130
31
130
102
127
114
103
130
110
113
110
140
94
110
147
117
108
129
116
117
106
116
34
95
15
118
134
85
116
117
126
138
133
108
113
116
54
111
111
59
134
113
115
112
109
99
139
115
142
130
115
112
103
198
17
135
134
114
136
117
110
129
113
119
105
101
134
125
129
232
159
126
108
129
91
115
124
128
138
124
126
131
124
19
128
143
132
134
133
53
128
114
95
168
146
13
114
129
129
127
130
46
141
104
97
101
107
108
105
94
118
107
59
119
158
127
146
136
129
145
120
93
133
116
130
90
129
471
190
157
392
326
184
174
128
151
137
190
136
146
65
143
127
172
143
58
135
173
147
158
183
160
146
116
114
141
164
124
24
138
96
111
88
107
117
130
126
109
72
151
122
130
170
84
127
22
1982
31
134
126
141
191
155
26
122
86
96
131
129
133
139
37
154
121
96
114
39
64
161
114
26
146
152
131
134
124
111
112
109
173
140
139
111
142
137
107
135
127
107
126
148
128
130
117
118
112
80
156
144
131
125
149
146
85
151
152
158
18
175
134
159
137
153
120
135
148
145
81
142
94
163
155
149
161
137
146
167
159
149
166
49
130
139
134
150
127
171
134
100
103
107
105
133
160
147
119
152
18
113
136
178
151
138
86
137
138
135
256
142
108
105
38
116
116
171
130
133
129
125
125
166
153
123
120
138
31
156
145
40
124
129
116
128
126
123
116
101
109
111
113
113
43
130
125
80
201
126
119
125
114
113
129
112
51
129
108
63
151
109
114
153
144
133
129
142
152
109
68
60
143
126
153
47
84
134
91
135
83
147
128
127
137
149
29
129
136
32
114
61
118
136
104
198
116
113
143
131
129
148
126
118
128
130
24
137
154
182
135
133
132
1290
47
180
129
113
116
137
137
136
132
36
119
131
119
106
106
43
144
146
33
125
119
128
136
33
134
143
141
142
148
123
124
103
156
132
130
129
132
132
100
74
123
119
149
116
149
126
203
125
136
120
138
132
138
141
145
11
152
151
134
106
32
158
163
142
159
151
156
156
57
162
161
177
196
157
160
167
94
129
32
171
130
125
136
133
129
212
171
127
142
20
114
154
99
136
111
125
142
46
123
127
108
92
309
136
181
145
118
108
113
128
132
133
133
140
123
46
104
127
134
118
108
166
129
114
71
106
133
68
134
94
116
114
110
113
111
132
152
145
124
131
130
115
118
138
134
45
77
113
116
131
134
150
117
129
139
130
120
29
132
132
140
112
108
96
61
151
27
122
168
121
110
92
163
150
154
203
139
138
132
36
128
114
133
111
117
129
124
114
136
174
152
301
148
159
167
154
119
263
145
169
164
132
153
108
143
147
107
119
92
138
128
124
231
153
152
121
144
147
185
141
154
134
152
173
186
139
144
119
126
112
50
140
105
148
119
159
168
169
150
144
151
149
135
135
173
232
50
138
134
130
124
152
116
125
119
121
124
165
136
23
129
128
96
32
153
174
155
116
117
131
127
115
152
133
18
123
41
110
111
113
114
161
161
134
129
102
71
36
124
57
130
88
132
128
108
110
137
125
166
124
70
118
135
116
74
132
101
107
113
67
123
45
130
130
190
141
138
100
134
133
162
133
116
130
113
125
136
131
146
125
143
44
120
124
132
138
131
127
111
108
129
120
170
148
125
115
128
117
125
130
128
67
130
132
131
133
114
141
97
116
123
131
115
111
115
97
115
118
126
129
115
125
23
175
79
104
123
115
117
140
151
126
84
146
174
113
131
136
159
168
128
140
141
143
135
110
125
130
129
117
108
135
116
132
144
130
128
109
146
107
115
138
127
56
164
17
200
151
162
151
147
53
167
128
152
147
107
145
117
196
160
157
141
129
99
159
85
111
153
43
45
149
86
176
23
165
160
158
149
181
148
60
146
42
155
128
145
150
81
53
137
149
149
134
160
133
116
129
129
128
130
160
119
141
84
125
134
140
161
149
112
113
128
120
128
167
129
126
124
154
141
126
147
134
131
115
111
111
113
148
23
130
133
142
36
138
135
145
42
112
110
105
118
116
135
161
144
134
110
126
126
115
113
128
133
130
163
141
129
139
148
147
152
98
163
158
162
97
129
143
114
101
135
168
138
134
134
138
118
171
156
145
142
147
86
138
190
75
149
137
144
119
154
136
147
134
151
84
162
191
183
113
160
158
161
133
154
129
131
146
91
165
127
32
127
14
117
29
121
133
142
14
157
172
99
144
151
178
163
175
86
156
157
134
148
136
124
111
85
132
131
161
137
68
74
125
130
126
134
81
129
131
118
106
103
124
134
139
142
110
124
143
126
140
117
110
116
31
108
131
131
35
126
107
141
115
114
120
135
122
114
115
126
106
114
132
116
150
137
137
140
129
153
122
154
136
116
115
143
109
119
132
95
111
130
118
132
134
145
109
105
105
115
110
110
106
109
149
132
145
110
26
100
124
108
191
191
133
135
137
145
116
132
87
128
125
14
130
134
22
115
181
129
62
118
113
32
116
110
152
119
35
111
132
107
122
146
160
162
83
59
136
138
144
164
141
142
129
143
115
131
178
123
119
40
139
116
133
146
116
114
133
90
134
123
125
184
119
117
105
114
106
126
151
112
130
116
132
128
158
190
150
147
151
132
161
161
139
134
124
88
148
188
160
136
131
151
153
187
117
161
170
166
148
140
160
128
154
80
173
146
155
144
172
167
173
198
149
127
101
128
131
141
129
114
123
129
147
134
159
131
117
125
114
128
127
113
145
35
121
143
58
125
42
133
147
34
113
45
126
140
128
135
150
133
136
131
129
154
133
186
132
130
130
113
116
116
112
144
67
167
137
130
109
141
143
134
135
133
137
103
121
125
130
129
159
27
139
143
151
38
101
90
137
138
126
44
148
124
130
133
115
20
130
31
128
171
135
29
113
121
152
37
116
109
114
32
120
34
100
29
154
162
192
140
131
126
147
136
146
44
145
129
147
97
138
175
144
152
135
150
144
168
21
148
170
131
150
146
161
131
159
127
130
147
168
119
132
176
147
98
145
170
148
111
96
115
129
135
14
117
125
135
158
139
131
17
159
115
124
66
129
128
102
124
138
134
59
135
44
129
130
137
189
165
108
133
150
137
153
59
125
129
116
112
43
111
112
142
114
153
109
115
132
144
126
125
139
131
31
115
62
136
184
165
159
178
128
106
241
108
54
202
370
188
120
118
133
121
158
117
109
124
133
113
128
134
147
136
15
93
139
136
148
189
144
140
138
133
144
193
106
140
133
141
91
118
150
23
101
111
127
41
116
118
128
153
147
129
30
64
147
137
109
124
114
136
124
143
128
95
104
72
85
131
104
108
75
113
123
150
142
58
62
129
152
125
119
42
158
139
130
117
114
33
116
59
139
130
110
117
114
113
101
115
150
135
133
109
112
99
103
92
127
106
114
112
107
107
112
140
199
104
150
78
126
86
186
166
132
38
157
193
182
131
134
136
25
155
85
7
152
156
121
124
147
140
133
196
151
124
125
51
145
139
191
165
169
75
152
131
154
132
130
131
94
132
131
147
126
116
108
99
95
97
80
163
114
136
107
108
130
130
127
158
126
135
130
141
127
167
134
18
129
127
128
124
112
142
117
64
135
140
136
116
66
144
135
123
132
110
108
111
53
146
127
115
148
111
133
107
138
128
126
135
136
33
115
116
126
113
32
115
114
178
113
124
23
153
143
125
139
135
117
74
159
123
113
117
128
116
128
147
119
115
118
113
125
130
110
153
136
129
129
133
69
117
148
61
163
160
132
109
115
135
146
137
142
140
63
138
181
163
136
113
123
129
126
177
136
125
95
142
156
145
156
132
132
29
138
137
32
132
132
116
129
131
125
139
40
185
124
124
42
84
31
110
114
41
168
98
148
51
76
129
140
139
142
118
135
125
134
121
106
113
148
139
128
109
107
128
111
138
131
131
136
129
107
103
209
151
132
126
113
109
114
146
114
168
136
112
124
129
164
107
119
131
110
131
118
132
135
83
90
107
113
122
106
112
146
135
132
131
130
35
108
152
145
121
127
147
109
134
189
126
67
120
119
117
114
127
149
116
129
145
135
138
165
136
114
112
88
105
115
114
173
125
64
154
123
109
126
146
128
116
114
117
118
115
109
62
96
141
135
131
130
134
152
139
152
136
134
127
125
178
159
127
124
147
142
161
144
138
130
180
167
166
153
126
130
127
139
147
159
139
144
166
138
151
101
165
142
137
141
90
154
157
51
146
12
154
137
146
26
128
157
128
136
135
171
138
30
163
154
127
139
128
130
118
137
128
114
19
118
13
82
58
76
131
127
114
111
107
29
100
104
113
185
114
107
116
117
112
111
149
115
127
133
168
128
149
134
172
162
158
153
157
158
144
41
127
130
113
128
164
116
111
129
116
133
143
145
116
30
144
137
140
139
115
159
134
126
140
119
131
124
127
105
108
90
106
115
113
107
136
124
123
110
109
113
112
91
135
128
42
112
154
111
131
103
118
130
117
106
113
127
74
91
125
99
133
127
149
33
136
137
38
156
136
118
140
155
150
171
56
146
144
36
147
165
114
95
141
118
115
133
130
112
76
147
118
114
64
133
130
124
106
158
126
128
74
127
129
38
133
133
118
139
144
20
112
132
160
148
139
125
160
116
110
154
129
136
129
133
133
137
195
143
153
143
144
138
168
138
130
58
146
142
139
184
81
154
88
100
134
136
162
115
38
127
98
115
114
78
112
161
122
24
123
118
127
127
124
136
132
101
134
130
115
119
137
59
118
123
127
114
75
144
170
56
120
106
124
131
123
20
46
151
117
109
142
132
50
118
128
124
105
109
108
116
134
190
117
124
142
149
128
102
114
67
144
124
111
138
154
132
112
151
122
19
139
118
137
139
19
167
132
109
133
121
114
127
85
137
144
140
137
35
135
141
154
129
136
134
139
43
128
169
91
149
114
127
130
89
117
148
131
130
130
32
129
111
103
164
130
147
136
128
112
110
156
103
129
144
146
140
105
170
108
116
127
131
113
110
154
128
132
124
139
131
57
138
116
124
140
123
139
134
132
113
120
26
130
152
158
153
165
51
137
143
20
128
126
134
172
115
131
133
134
134
115
156
158
162
104
116
114
132
147
67
36
135
23
155
58
129
152
189
142
38
134
35
119
109
101
131
114
129
49
103
100
103
102
137
106
131
131
125
113
123
104
142
117
109
130
153
148
162
173
129
118
129
131
57
126
141
106
58
125
27
114
33
84
109
107
177
135
129
142
119
119
133
135
108
120
129
112
115
115
145
167
152
150
135
119
112
148
139
143
135
138
23
60
127
171
115
110
91
134
136
125
153
125
111
117
181
116
125
162
141
136
133
14
128
46
115
124
43
73
128
129
133
112
87
131
117
156
123
126
122
96
67
149
143
130
148
141
98
130
30
166
136
146
141
153
161
170
156
143
146
134
134
186
161
144
134
139
138
147
113
127
112
118
118
117
115
161
148
130
132
128
109
190
183
154
183
159
140
159
117
124
136
143
120
126
144
124
116
123
131
145
126
168
148
117
133
61
138
139
147
140
122
140
138
124
136
139
128
114
114
111
123
144
145
110
104
115
139
124
135
183
144
135
130
132
147
154
138
144
113
112
103
113
108
165
118
128
109
109
127
108
216
130
110
130
136
143
148
197
142
136
62
143
144
159
18
6
117
111
136
192
126
117
181
139
142
143
123
146
153
139
125
39
103
91
110
110
134
155
129
132
168
112
139
149
125
124
119
123
44
6224
85
65
93
151
114
128
118
116
162
131
24
144
139
129
121
175
75
131
126
85
139
46
145
156
117
137
119
83
77
130
116
162
114
148
107
154
156
102
131
113
48
133
165
164
180
179
145
155
170
163
40
136
129
25
170
153
152
199
166
163
173
155
176
151
144
157
148
151
43
167
144
186
149
95
138
166
144
154
145
158
67
123
134
122
126
96
127
16
129
121
145
127
135
141
142
145
129
115
17
125
34
135
137
127
134
147
171
146
149
153
147
197
156
147
47
158
164
193
85
125
124
127
130
73
189
175
152
149
47
131
114
131
143
133
124
128
139
148
162
157
116
129
125
125
127
115
132
71
124
138
147
149
153
159
152
155
135
111
113
117
109
127
130
105
127
134
127
144
135
135
131
140
143
143
98
88
150
137
133
130
135
125
175
111
110
130
136
177
164
172
184
124
125
144
131
125
112
130
138
137
158
115
111
131
130
139
124
157
130
149
113
132
124
130
152
141
115
139
125
139
116
170
129
134
129
137
150
157
157
134
131
128
112
79
112
152
105
128
116
110
113
129
113
129
119
104
117
129
113
113
138
117
118
128
141
146
127
179
128
141
68
115
56
151
136
43
90
137
44
141
67
124
126
129
145
114
128
116
157
118
123
169
152
134
136
117
141
171
117
126
128
126
128
106
132
124
58
127
115
129
146
117
141
125
135
132
119
144
151
190
189
156
147
143
18
163
165
144
120
118
216
157
145
132
127
127
114
104
144
113
113
138
137
109
165
122
169
46
124
130
131
80
140
64
66
142
139
80
157
120
106
150
130
114
18
113
124
123
31
111
149
126
123
115
138
131
130
170
132
129
113
128
125
135
140
114
114
129
121
112
59
147
183
115
133
122
152
146
177
155
147
147
156
137
187
148
77
158
164
148
154
177
85
128
104
74
127
64
166
26
79
128
137
118
152
159
131
82
132
129
124
78
139
95
141
144
91
124
103
109
148
134
78
114
127
122
138
168
125
86
144
131
133
138
181
83
112
124
81
144
136
31
178
126
129
121
137
131
127
154
125
125
109
127
28
126
112
141
113
126
131
115
136
128
152
130
128
130
115
39
137
169
159
115
133
137
137
137
151
132
151
148
130
145
157
173
153
140
152
159
167
57
130
112
115
147
151
157
213
151
78
132
109
131
113
115
23
126
135
139
142
145
165
159
110
67
142
133
127
161
132
143
144
151
138
34
159
149
131
128
24
132
122
135
142
72
126
132
112
130
129
172
142
125
128
138
154
119
174
142
118
147
145
148
170
135
149
131
116
115
130
162
125
78
130
110
101
130
138
129
106
112
58
118
116
90
138
152
115
117
115
109
113
116
175
143
141
125
115
117
114
148
124
131
138
132
124
112
176
141
131
129
116
129
118
142
129
118
139
115
115
117
152
130
113
105
109
63
115
125
111
136
89
140
150
143
140
177
150
138
124
124
130
116
133
114
118
70
132
28
267
168
116
141
10
30
104
106
108
134
138
127
111
109
76
54
59
115
115
133
85
147
119
116
110
133
132
188
145
140
144
141
151
199
149
146
150
104
139
151
132
130
23
146
132
91
91
121
124
107
104
108
110
76
133
148
137
113
30
151
182
141
149
77
124
141
150
154
143
156
137
51
105
127
113
123
139
13
178
129
109
117
133
100
133
132
136
55
125
127
115
128
112
164
46
79
111
129
125
130
107
55
155
112
139
164
155
160
167
94
150
150
146
131
171
139
126
155
150
130
182
162
156
130
139
151
145
141
65
174
142
161
177
161
40
119
107
138
142
20
167
155
141
129
130
46
110
118
142
88
125
128
124
142
179
223
246
177
17
190
188
169
131
131
136
155
141
137
149
111
113
138
128
91
67
142
131
138
115
117
156
150
120
52
112
119
56
143
176
164
129
133
138
26
111
129
132
28
142
112
29
161
121
106
144
141
124
140
136
40
63
150
160
138
130
127
38
142
117
142
108
159
115
110
127
74
151
52
146
130
146
27
34
108
90
113
136
22
156
102
128
64
229
161
124
120
142
134
131
124
62
154
151
124
122
107
114
116
135
118
113
109
108
53
123
117
124
134
108
126
127
104
148
195
153
121
164
132
60
128
35
47
149
16
146
165
158
109
208
185
183
178
179
190
171
160
167
95
170
142
156
118
132
125
134
150
133
110
125
30
125
44
149
132
111
42
146
171
153
30
151
203
134
150
148
126
23
147
162
136
61
142
85
147
137
162
140
143
138
122
126
64
153
138
107
148
170
16
154
191
164
100
109
135
46
127
104
147
109
112
133
116
110
115
113
171
46
114
133
84
161
125
152
122
130
118
138
134
136
158
174
151
134
34
108
109
65
201
145
144
141
143
131
153
174
138
136
134
83
109
127
129
111
114
132
135
142
154
175
146
126
85
125
131
140
131
146
130
169
140
144
194
146
167
174
29
127
135
142
131
136
124
115
119
154
168
142
109
123
130
140
143
25
111
129
122
127
115
112
133
152
27
89
109
108
116
138
180
142
125
120
190
135
132
150
130
135
136
71
113
103
131
126
146
124
134
119
130
152
131
115
152
44
99
100
127
155
131
137
151
118
131
129
163
149
140
135
137
145
152
123
114
124
128
92
124
29
127
158
129
129
127
33
125
59
157
154
69
144
142
124
60
155
170
146
137
123
136
148
171
131
123
73
134
150
23
138
157
139
146
99
117
128
149
124
135
129
112
112
115
112
173
143
132
116
113
124
154
124
179
141
127
118
114
171
154
134
124
134
115
63
179
93
139
124
123
131
130
166
144
129
113
109
112
107
105
93
94
96
95
99
94
144
135
180
140
113
114
146
137
138
157
154
134
147
181
151
192
191
296
162
215
53
198
38
155
168
145
133
117
26
114
105
124
114
11
164
125
127
129
163
141
115
168
130
131
160
124
109
103
108
111
132
77
110
121
119
162
163
150
139
150
114
121
141
134
109
112
113
88
136
170
137
41
128
117
131
29
116
141
119
115
114
109
117
131
145
73
139
113
55
116
136
129
131
172
131
135
130
124
39
109
109
153
70
31
128
114
131
117
130
132
129
114
136
154
141
145
205
109
125
138
123
137
139
113
112
131
122
110
125
116
159
118
134
135
143
139
116
148
119
129
36
122
111
110
115
50
153
109
113
108
114
103
129
143
128
115
132
106
130
128
171
70
142
138
142
135
126
149
50
128
130
110
37
104
129
132
181
140
128
133
131
68
114
111
129
125
111
24
141
136
114
137
136
138
141
122
122
126
145
118
106
114
140
139
104
150
174
112
122
75
115
117
127
106
129
132
114
133
110
83
