87
45
60
48
112
107
79
76
95
72
87
76
105
44
137
78
41
51
87
43
38
36
56
33
24
31
32
51
63
42
128
37
54
37
29
46
55
35
32
62
89
33
53
64
85
242
152
159
87
133
136
223
243
205
166
234
163
147
151
26
179
271
164
154
166
163
241
153
163
151
158
254
165
17
166
147
103
233
165
141
226
19
169
233
158
144
166
138
215
115
134
170
112
132
183
112
110
112
162
137
131
186
160
127
136
130
128
190
137
115
168
123
137
106
193
102
102
161
123
130
224
128
86
112
101
122
108
189
136
135
185
123
47
124
179
119
116
157
122
34
67
148
151
101
112
167
132
123
199
134
72
171
122
126
124
204
129
116
75
141
134
128
147
140
177
140
161
68
198
128
140
170
127
120
208
132
114
255
141
190
75
160
44
119
108
121
20
107
334
138
134
115
29
130
209
82
211
75
131
98
111
189
139
138
115
97
121
120
39
198
108
125
127
121
126
111
182
106
120
126
108
125
111
24
141
41
109
124
109
113
110
123
190
126
129
38
107
124
109
28
102
182
65
108
94
95
123
120
40
278
147
147
123
22
125
26
96
115
122
129
131
123
29
97
112
217
123
126
144
120
127
121
193
122
147
129
121
22
110
42
194
124
134
140
120
120
194
126
26
125
129
117
120
131
184
118
120
31
112
119
125
116
193
69
104
128
108
98
104
123
183
124
17
133
112
125
156
203
137
15
119
130
130
134
187
123
129
109
123
122
30
108
196
150
100
97
108
100
137
203
139
18
73
135
78
109
118
191
113
63
42
61
60
107
110
107
96
222
129
142
131
134
133
169
131
142
129
117
52
112
124
166
103
120
115
128
121
118
302
64
121
113
108
111
122
190
63
111
107
112
131
160
150
172
135
119
119
78
27
122
184
125
120
107
106
105
51
123
208
134
123
113
125
125
121
197
70
159
133
126
135
211
141
135
82
111
137
145
123
143
132
132
135
136
135
136
125
60
124
127
60
126
136
209
27
81
111
133
130
73
125
186
107
112
113
67
118
92
118
250
191
24
184
179
60
158
162
162
104
124
120
209
82
131
127
103
136
130
188
136
122
120
108
121
130
172
123
53
147
135
125
113
57
198
109
123
84
130
123
136
50
128
110
170
109
18
124
123
168
140
14
120
67
142
136
129
118
118
120
111
127
113
105
113
197
131
131
24
111
114
108
127
82
59
70
123
68
127
128
166
204
142
131
37
113
105
118
122
219
128
134
128
137
120
209
12
134
128
136
104
134
227
128
103
122
125
35
109
89
199
123
107
94
105
23
108
58
122
100
129
127
111
99
54
123
133
207
146
121
119
109
110
130
123
118
120
68
136
139
205
124
109
102
107
100
108
108
170
110
123
108
121
119
134
183
118
126
119
113
132
31
119
203
125
129
145
130
131
104
101
124
113
112
77
111
114
112
25
166
109
101
29
124
112
14
130
135
206
126
110
85
29
107
164
212
56
135
136
119
114
132
317
126
109
113
113
64
102
184
108
122
120
91
132
126
121
104
107
104
134
124
127
112
118
186
117
124
113
116
70
198
72
137
133
122
126
114
52
182
107
105
99
74
111
115
129
256
112
128
126
103
125
148
114
118
49
111
118
128
105
17
126
107
98
111
132
26
99
120
122
34
113
71
131
120
43
119
113
76
139
139
121
123
115
117
140
131
154
107
102
132
125
61
55
65
131
155
142
142
135
130
125
22
141
120
124
111
124
28
149
143
139
140
128
130
34
6
60
133
134
121
122
123
168
132
128
27
73
137
114
120
137
124
113
126
134
111
120
110
133
120
123
57
167
122
157
49
79
129
48
128
11
137
131
116
122
125
128
86
131
125
35
134
143
129
8
125
111
54
159
18
126
103
119
139
16
115
120
127
142
125
128
128
128
33
110
127
112
116
60
126
126
142
125
129
122
119
110
67
129
122
124
141
121
111
15
119
126
127
107
162
155
144
112
60
68
97
99
102
82
102
139
168
143
137
119
114
109
112
110
47
132
129
121
145
144
134
30
34
124
120
109
147
51
70
110
125
115
124
111
124
119
126
28
126
111
112
111
113
144
33
110
109
120
119
107
70
109
126
110
113
111
125
114
41
131
114
143
124
102
125
110
112
109
136
126
113
125
109
107
37
106
149
129
128
111
121
124
124
120
144
128
129
126
111
112
107
69
144
122
125
123
129
106
126
52
172
132
130
129
113
131
126
111
127
128
110
119
125
122
91
125
99
125
129
123
111
128
145
135
143
113
123
112
125
151
121
133
144
133
157
130
150
120
114
104
113
110
124
123
109
113
110
122
121
119
113
117
116
105
121
114
109
121
129
154
41
120
124
127
125
83
129
148
132
119
123
106
21
111
24
116
127
126
116
106
103
112
105
129
132
114
120
113
124
123
105
108
144
110
122
110
129
12
109
122
104
137
111
117
118
93
127
105
106
138
106
88
134
131
139
135
126
106
42
111
110
59
119
131
109
19
147
131
125
110
123
142
131
225
176
196
14
56
93
125
177
112
122
121
131
112
139
146
123
69
121
120
123
121
116
155
111
110
123
125
121
127
179
130
122
88
110
121
124
77
147
134
137
134
8
108
123
104
113
113
109
119
108
107
114
124
129
136
133
139
136
163
65
44
139
109
128
110
111
109
123
127
119
123
109
104
24
121
108
125
119
109
103
125
140
120
123
144
171
142
141
136
134
22
122
144
135
168
142
121
133
160
149
126
113
110
118
126
126
61
124
111
113
136
130
119
33
134
103
123
107
110
126
129
125
128
122
105
18
128
110
114
105
110
65
121
113
126
126
27
103
11
153
105
37
88
108
105
12
94
41
125
133
42
147
126
134
127
129
121
32
27
151
187
114
71
112
136
126
82
125
125
125
127
126
39
115
118
114
136
114
106
128
128
49
132
158
138
147
138
144
143
92
116
126
122
137
134
134
126
148
113
130
138
123
110
119
124
121
105
112
129
139
130
135
42
135
131
119
125
127
103
125
141
124
123
121
128
120
125
111
134
115
40
110
117
125
107
110
139
130
75
112
107
104
86
120
222
135
137
129
136
132
127
138
122
104
111
124
119
112
76
141
67
129
132
126
124
125
138
162
51
140
123
112
113
103
143
128
133
109
112
111
108
88
120
122
108
114
26
61
126
127
124
136
124
122
140
149
99
135
65
114
85
126
130
123
17
109
112
139
82
110
110
129
65
112
128
151
126
140
58
123
33
136
125
15
137
96
75
59
69
128
119
124
59
111
83
134
14
123
126
134
123
97
148
126
104
60
124
97
169
130
170
134
134
133
115
139
149
42
101
121
127
120
124
127
104
148
145
142
142
153
145
151
138
138
80
130
114
210
171
130
105
130
103
115
113
133
43
117
22
107
113
107
130
126
124
124
125
109
107
109
138
131
142
138
150
124
126
91
142
145
116
113
118
129
113
122
109
165
134
14
127
125
111
112
87
136
12
135
121
120
135
47
111
108
58
117
51
120
125
118
101
102
18
156
141
65
58
111
121
104
107
108
121
102
109
130
97
69
126
159
141
105
142
136
131
130
39
125
143
125
132
165
124
118
107
104
113
139
118
114
122
118
136
120
135
135
143
86
135
136
133
136
78
117
119
118
54
62
73
152
107
156
152
125
151
151
143
94
141
129
142
117
158
114
117
128
126
141
149
125
125
136
114
125
119
40
164
136
137
143
151
139
163
135
121
109
138
116
137
99
127
123
45
101
102
101
132
135
37
120
107
127
113
115
107
119
158
135
153
66
84
109
112
111
135
126
123
122
79
143
131
160
148
112
110
44
136
129
128
138
138
124
127
121
129
105
35
121
110
70
113
104
122
155
112
86
80
97
30
73
102
133
128
131
93
109
76
134
120
102
113
129
109
126
111
107
106
110
130
131
106
127
123
126
17
147
123
121
26
143
158
111
105
113
108
112
125
155
101
100
121
109
104
28
111
15
143
124
139
129
120
112
98
145
41
121
120
123
123
131
105
109
214
150
90
92
117
101
48
114
192
129
138
122
123
85
100
145
121
114
123
31
124
109
125
165
59
117
111
57
124
129
154
61
145
157
157
145
152
170
48
132
114
122
111
41
147
121
158
134
25
120
135
120
113
45
166
121
75
131
139
150
130
131
124
115
139
130
123
130
87
141
109
139
140
141
109
23
156
114
95
156
137
141
130
158
95
122
129
29
115
93
42
141
130
126
115
118
82
135
129
164
126
112
133
112
109
127
120
151
32
49
62
98
110
121
130
155
144
131
133
112
126
111
121
91
128
127
109
116
102
102
102
84
144
113
150
112
35
127
121
107
125
112
57
119
111
129
127
132
160
120
112
112
112
58
147
159
136
138
43
131
132
112
125
75
59
128
129
25
125
109
120
111
127
97
70
130
114
110
83
112
119
152
126
109
127
129
151
122
124
111
106
23
95
111
109
113
106
125
77
126
110
131
132
112
133
151
103
111
126
111
124
15
120
142
126
129
31
107
138
125
107
137
113
87
77
110
118
120
112
92
148
136
117
137
132
114
126
28
116
123
132
124
124
126
106
125
130
109
107
34
123
122
100
141
129
65
128
129
128
129
109
119
127
138
128
133
168
112
95
106
112
105
95
36
101
110
95
133
105
106
122
111
125
110
137
142
126
113
121
110
120
123
128
69
115
88
57
56
76
123
133
129
129
118
103
109
97
101
113
111
136
106
102
112
122
129
108
106
172
112
116
176
161
18
164
172
126
120
111
107
108
104
95
126
102
115
134
116
111
113
126
149
127
128
110
103
38
186
155
131
36
122
22
129
136
141
74
27
153
143
9
134
31
143
133
147
171
152
81
152
131
38
30
111
18
123
116
108
112
121
107
79
63
132
103
92
81
69
123
106
104
91
40
137
142
28
110
124
110
124
123
11
107
131
110
55
113
83
125
122
121
52
120
26
130
118
138
130
112
134
106
145
137
136
122
120
45
189
138
127
151
437
103
121
107
137
116
117
143
106
107
98
89
113
111
108
131
124
124
117
125
113
131
123
168
134
132
35
100
127
102
93
38
143
135
16
145
136
11
26
72
52
128
45
109
113
75
129
54
143
138
169
47
104
123
128
136
116
121
142
18
110
114
75
104
106
100
155
200
130
136
128
119
89
99
176
147
138
143
90
128
153
160
116
134
138
119
132
134
134
92
166
143
105
125
133
158
121
61
134
36
17
53
8
125
125
150
13
112
118
149
121
132
155
164
28
35
132
123
138
121
114
144
108
105
101
109
61
129
25
115
136
166
39
135
106
109
61
122
137
96
109
126
113
123
112
113
42
155
109
101
109
61
150
131
128
250
84
104
105
98
129
36
112
164
140
137
121
131
102
136
155
134
143
48
117
53
51
63
125
158
120
129
135
138
138
97
42
55
110
119
132
131
134
102
138
138
122
138
144
59
149
192
130
139
104
108
112
22
127
152
124
139
108
109
130
142
169
139
131
137
141
144
140
169
145
16
130
114
128
123
152
120
109
117
124
142
125
130
127
123
115
134
135
128
131
162
127
113
130
115
69
27
25
38
40
143
127
124
105
108
177
126
181
183
153
143
113
111
156
135
81
24
121
135
126
142
137
139
132
11
85
80
64
117
125
155
131
34
23
123
112
108
134
54
120
163
127
105
125
125
129
112
133
119
108
20
113
125
118
122
147
111
102
109
124
82
118
151
189
34
89
100
129
128
120
105
124
115
126
76
103
125
135
113
137
105
137
129
150
106
74
126
153
48
134
135
153
168
17
131
174
166
152
124
135
148
174
139
145
165
158
154
153
109
105
29
16
123
112
119
139
139
133
136
133
134
114
116
28
132
134
121
119
120
119
120
156
134
113
119
105
113
154
142
117
23
17
20
147
137
132
130
155
125
116
132
133
137
126
109
152
114
110
122
123
104
107
140
114
107
124
119
108
119
125
131
126
124
113
106
103
113
41
144
118
121
169
125
131
133
140
111
108
112
110
110
109
107
144
122
130
121
112
108
29
88
96
132
107
46
53
121
110
110
121
113
145
126
119
104
70
124
132
122
143
117
106
111
106
109
114
111
155
119
124
136
111
129
120
144
15
98
100
104
106
119
120
120
125
126
56
102
121
130
146
128
144
111
113
127
109
25
90
122
147
75
54
29
88
95
115
37
109
110
111
124
105
111
107
77
126
127
103
130
125
132
102
105
114
129
145
102
118
89
120
109
109
99
143
124
97
107
130
127
116
104
150
136
119
134
113
108
101
153
122
123
72
130
121
120
111
136
110
40
109
34
106
114
134
101
121
33
115
120
122
81
110
26
107
120
29
80
150
26
118
122
127
118
41
128
115
113
106
108
105
102
130
36
157
126
103
124
171
128
136
158
148
39
121
130
138
132
155
132
28
115
119
61
152
158
149
121
125
126
122
137
129
155
124
142
152
143
29
110
116
148
135
124
120
140
70
50
54
37
138
128
130
123
124
71
115
10
140
155
135
132
110
109
114
116
125
110
111
139
128
145
142
147
57
117
63
51
58
132
112
129
121
44
113
49
80
128
120
124
126
113
123
118
125
126
111
116
114
146
132
122
138
125
109
127
128
109
107
60
124
111
106
41
141
124
128
148
60
106
123
125
143
155
28
59
121
123
113
120
122
126
94
110
18
13
109
126
133
88
185
146
152
105
138
103
112
105
146
128
31
112
58
110
44
122
127
138
137
124
128
107
22
29
126
42
127
20
112
25
92
94
92
62
31
124
115
125
123
110
120
123
125
120
133
145
130
128
133
136
126
122
68
131
124
122
123
127
41
125
108
139
72
72
124
79
124
38
102
23
110
123
130
29
128
125
114
143
100
69
76
142
97
95
100
99
106
131
160
112
111
112
110
122
126
144
87
107
110
129
108
125
104
127
114
133
51
112
35
171
38
124
152
129
63
125
103
107
108
107
109
52
124
138
110
96
86
94
90
125
123
124
140
125
134
122
111
133
111
105
102
122
105
103
107
141
127
129
122
112
106
124
108
129
128
119
126
121
138
15
103
61
109
101
111
59
114
48
110
118
140
125
125
132
139
113
168
148
149
111
130
128
113
72
101
138
115
85
59
136
145
133
36
122
122
127
123
109
124
104
111
143
122
109
132
128
95
125
23
106
142
129
110
22
122
13
123
108
112
137
108
93
109
32
125
129
158
138
126
62
139
139
148
130
23
139
56
109
104
142
132
114
85
137
78
80
98
123
42
50
58
102
92
51
121
131
121
119
120
130
137
124
149
133
33
97
88
110
112
124
149
36
101
93
100
103
104
93
101
119
106
108
104
111
96
112
58
125
156
184
105
105
139
93
92
92
101
87
104
79
108
123
130
140
130
99
108
67
110
128
146
118
101
132
33
132
139
127
63
112
129
116
105
112
106
108
120
113
146
111
123
29
107
126
19
122
123
129
119
106
112
97
56
123
27
41
125
15
77
103
102
125
119
51
121
123
140
35
129
132
125
112
58
123
206
178
189
138
110
125
127
122
129
114
109
123
108
112
140
127
123
127
126
117
118
123
137
125
128
34
105
27
109
176
128
102
108
111
110
101
113
104
141
112
113
126
125
63
99
112
106
135
14
129
108
125
108
105
138
128
115
126
125
109
106
113
104
115
101
98
33
133
118
26
57
122
130
129
113
124
120
129
120
110
105
117
107
104
67
108
107
141
133
140
109
123
123
124
124
121
144
101
120
31
108
96
103
16
111
109
146
109
111
43
154
149
134
139
34
124
127
127
126
117
110
42
124
126
149
103
99
107
36
105
127
108
67
144
172
143
100
26
126
139
126
129
40
101
121
123
88
155
127
98
119
116
114
110
120
128
130
126
125
135
143
167
122
102
95
120
124
122
104
126
126
122
110
56
115
125
107
147
124
121
115
106
124
113
122
127
120
60
114
126
51
112
134
88
78
125
109
110
103
127
140
97
118
90
106
129
101
120
125
107
124
111
124
153
99
112
105
126
128
41
48
28
110
20
131
103
106
40
95
160
117
132
107
106
109
56
129
137
130
126
119
125
124
103
54
93
131
120
118
131
121
129
112
133
119
125
137
114
133
123
135
101
112
110
133
72
128
129
121
124
130
130
104
43
109
136
127
94
129
138
145
138
126
142
128
113
131
136
117
125
111
168
132
113
108
102
120
114
38
150
146
144
138
140
135
150
128
115
126
97
98
95
97
91
111
90
118
130
137
110
109
106
139
121
123
120
124
124
125
141
128
112
121
110
105
101
110
103
131
124
193
141
128
118
144
82
128
131
128
122
26
127
42
36
108
112
102
96
75
118
56
724
38
56
112
107
108
123
120
108
130
112
46
112
113
112
109
143
99
19
127
146
140
148
143
68
106
19
123
103
100
111
143
108
120
137
137
133
69
133
35
14
127
130
136
84
111
60
114
112
67
131
107
111
104
119
128
180
133
54
110
20
87
126
109
124
95
122
124
127
111
108
126
67
120
127
127
110
54
125
121
20
96
120
153
125
127
139
130
66
110
124
113
109
115
113
38
103
127
137
149
33
134
103
104
128
34
128
143
125
112
108
112
108
64
138
107
125
130
111
109
95
42
68
100
121
129
128
120
118
89
132
30
108
147
102
124
17
58
105
111
126
128
113
109
118
140
131
40
105
17
111
127
28
110
111
116
125
125
152
127
123
130
121
120
103
100
112
132
111
121
124
123
119
121
103
149
128
95
124
121
105
127
112
126
112
130
115
128
128
124
121
113
130
26
129
142
57
123
119
140
125
133
130
60
144
172
149
55
142
184
95
34
123
127
41
122
109
122
138
39
143
141
157
120
109
132
122
110
126
125
177
133
122
134
149
95
148
129
132
96
110
135
134
149
121
95
100
128
112
109
159
184
126
133
71
57
138
134
105
127
72
125
124
125
125
109
124
148
135
114
118
130
110
123
158
136
117
119
120
114
122
139
42
140
120
115
117
115
138
151
99
123
132
114
35
38
58
42
42
110
140
116
127
67
138
133
122
153
113
144
37
133
20
126
30
149
85
141
109
86
124
104
108
107
50
60
121
129
112
142
125
110
114
119
113
36
74
14
112
112
80
111
113
138
118
130
105
112
107
52
107
107
71
114
107
112
108
106
95
133
113
125
125
110
107
101
104
15
129
132
111
130
114
107
124
110
101
115
97
127
122
127
129
136
122
117
125
87
110
120
124
130
122
143
123
121
18
124
119
162
155
139
54
132
115
98
159
208
18
113
123
124
124
128
44
119
116
96
99
103
104
102
92
97
102
56
131
120
119
127
118
111
129
142
92
128
112
125
60
121
122
143
128
125
121
189
157
105
141
149
133
121
129
52
131
141
138
129
46
128
130
134
128
145
114
129
118
118
132
129
134
22
126
93
108
84
103
140
120
140
108
70
148
120
126
137
86
157
22
131
28
140
109
123
106
140
26
119
83
92
120
108
93
124
33
165
146
85
106
37
61
127
109
24
161
151
125
132
98
102
106
106
148
125
126
79
126
123
102
128
155
105
121
127
122
113
113
134
109
78
118
106
107
103
121
120
72
111
126
131
16
148
107
122
137
125
103
107
125
123
52
153
102
146
137
136
120
119
133
161
139
136
129
35
119
129
198
129
126
125
118
97
99
101
123
115
167
128
110
128
17
108
144
127
123
123
76
154
130
152
124
135
128
102
37
113
116
176
137
156
132
132
137
187
133
108
109
119
24
145
137
20
113
110
112
124
123
119
112
78
126
110
109
109
41
128
121
96
136
149
125
129
117
127
133
115
69
134
113
63
57
81
118
131
134
160
124
136
147
106
54
53
128
133
128
42
74
118
64
104
81
141
138
123
182
127
26
124
132
30
214
84
125
142
108
147
109
162
174
128
127
128
107
114
141
139
25
133
149
125
116
128
173
129
47
118
116
115
119
159
143
142
134
36
124
181
136
111
109
44
119
120
32
130
121
160
143
33
141
133
137
136
150
145
126
93
158
136
127
142
129
127
80
71
122
117
123
141
147
120
130
111
122
108
125
129
115
136
139
10
144
122
154
102
12
124
119
120
114
123
112
157
50
140
137
146
142
133
162
140
77
107
26
138
105
102
126
111
110
167
147
110
138
17
148
140
69
107
104
109
99
42
118
181
98
89
113
132
137
123
122
105
110
125
126
127
130
93
129
44
129
127
131
113
103
127
141
114
68
100
126
65
131
59
111
130
105
109
108
111
112
123
112
136
124
114
102
105
104
42
72
115
127
124
129
122
113
124
134
144
119
28
123
100
112
106
106
94
59
163
27
121
135
119
105
118
135
152
138
140
135
135
126
30
142
112
110
108
112
125
121
110
153
130
132
125
125
137
143
127
102
146
116
119
126
109
141
89
114
113
89
102
75
109
110
124
110
125
121
101
115
129
149
133
125
113
126
143
125
120
131
114
104
108
47
101
99
49
61
145
140
134
126
133
146
142
146
131
138
133
47
134
156
145
88
122
104
113
107
109
115
149
128
21
124
123
92
30
130
131
127
114
112
121
120
110
126
122
17
139
39
108
110
111
106
125
127
141
124
97
69
34
121
59
108
83
125
138
106
107
134
122
117
123
67
171
128
121
99
111
97
105
126
65
107
43
127
127
126
127
123
109
121
120
126
125
111
119
108
121
131
125
111
118
180
43
129
121
126
113
126
124
109
103
145
117
127
123
122
111
122
132
122
109
127
63
123
126
123
145
111
105
90
111
122
123
111
120
111
85
110
150
121
123
114
142
22
125
122
101
119
109
113
152
132
127
82
140
141
109
127
122
121
125
116
126
122
129
149
107
120
124
124
118
105
104
120
142
140
126
122
106
150
132
120
139
130
40
129
16
133
116
158
135
152
53
153
110
126
139
91
120
102
129
137
119
118
121
82
112
66
92
125
38
34
119
75
138
18
132
134
136
120
130
129
71
130
37
124
124
128
107
78
50
149
128
139
120
127
121
105
142
127
124
125
112
109
125
76
129
125
125
126
112
103
112
123
125
125
126
115
116
122
157
143
120
137
126
128
113
110
107
127
110
15
124
132
135
34
137
144
124
39
110
109
105
113
120
132
144
115
125
107
122
121
114
128
109
125
130
137
140
125
112
127
138
138
84
147
147
141
151
129
141
116
99
127
127
137
131
130
136
115
126
125
130
108
110
68
111
125
62
126
114
148
106
112
113
136
114
159
71
138
132
51
69
135
126
123
109
150
109
104
126
75
114
112
28
144
16
111
25
133
128
107
13
156
142
102
141
140
153
149
158
76
159
139
98
137
130
120
105
96
129
125
123
131
64
66
119
127
140
107
77
126
112
115
102
95
133
111
105
125
97
111
127
112
128
112
101
109
29
104
125
128
33
122
82
135
115
110
110
129
122
108
112
121
102
109
130
111
126
124
133
134
107
124
108
124
152
112
108
112
98
106
105
70
100
142
116
131
128
120
105
100
99
127
107
106
101
102
107
110
134
123
24
97
118
105
125
123
124
136
143
142
127
111
83
121
119
13
143
136
21
109
127
119
59
113
110
52
112
106
128
116
33
105
125
102
133
142
120
126
79
56
169
135
151
143
137
137
125
121
113
147
124
97
108
35
126
104
120
127
112
113
125
140
145
111
128
158
119
120
109
118
114
130
151
117
135
151
140
133
164
149
140
147
157
120
129
129
111
111
106
73
123
162
144
113
111
123
127
135
101
131
140
139
129
97
126
108
127
62
67
64
128
126
127
143
155
124
147
126
81
120
128
108
125
126
117
124
127
121
112
106
105
126
111
124
123
108
125
32
108
123
72
110
38
121
101
25
109
43
123
134
143
128
131
130
131
129
128
141
133
127
127
128
185
112
135
114
92
136
52
145
135
143
111
107
122
119
123
124
120
108
102
122
127
125
123
24
126
152
109
35
145
119
165
227
141
42
150
175
192
182
148
21
127
29
124
113
129
27
110
116
144
33
100
68
89
23
95
27
82
26
121
123
95
127
115
106
109
103
103
36
151
118
132
87
124
129
124
134
117
135
130
131
19
131
150
142
130
114
103
110
129
107
112
159
136
111
131
118
125
92
140
137
132
105
91
115
121
108
13
157
121
132
138
129
145
17
144
115
130
66
138
134
106
129
142
139
64
133
44
135
135
143
148
146
110
137
156
141
160
57
122
124
111
137
58
117
122
132
118
138
114
117
137
133
161
133
146
135
31
120
64
116
169
133
138
151
119
103
89
119
52
144
134
129
97
108
111
149
120
111
104
120
126
109
123
121
123
128
15
89
132
130
170
186
140
139
129
128
136
169
85
131
124
132
90
111
129
22
117
106
123
39
130
127
125
111
149
123
28
61
144
133
104
102
109
164
124
135
122
91
101
39
69
142
101
102
72
108
122
112
123
63
95
128
126
119
109
38
109
127
156
124
119
34
121
61
123
137
112
142
117
118
109
114
112
121
152
112
116
102
108
96
112
114
159
108
102
102
105
131
130
98
156
56
94
72
120
126
113
30
129
153
120
97
113
110
22
125
69
7
127
169
103
105
111
122
126
131
141
118
120
48
138
137
163
164
153
65
176
135
117
120
153
146
98
138
134
123
129
119
106
103
98
100
84
52
59
146
110
126
130
129
120
127
120
131
157
134
172
126
124
17
159
153
133
134
116
132
119
64
141
161
144
140
77
135
142
128
140
104
100
111
51
104
121
102
148
109
126
101
111
121
124
131
145
32
115
113
109
108
30
112
109
165
109
119
21
104
128
114
126
141
166
68
131
144
160
165
175
128
125
131
113
110
147
121
129
137
113
121
142
160
135
135
76
122
217
42
179
127
128
104
111
99
140
135
161
137
61
134
142
138
141
149
129
129
120
129
121
113
118
142
152
142
140
136
137
29
148
143
32
139
135
121
134
152
120
136
38
137
128
130
38
128
48
117
110
39
50
63
145
49
72
152
134
131
125
111
130
119
154
116
102
108
127
132
122
103
132
125
109
115
125
127
164
161
112
106
132
135
135
130
142
115
112
137
107
125
119
108
152
135
149
112
125
135
114
161
123
122
141
85
93
120
117
133
110
117
135
139
139
116
147
34
105
113
126
108
109
108
120
132
124
120
64
115
113
112
126
122
123
111
126
141
132
137
130
133
109
108
84
100
112
110
139
108
56
152
119
103
156
109
123
112
107
110
109
116
106
43
88
125
130
126
126
129
126
137
144
130
128
124
122
138
126
133
112
132
128
126
139
131
140
148
153
136
118
124
125
134
133
138
134
134
139
143
135
144
82
120
148
124
127
97
150
135
48
142
11
143
133
156
25
123
116
101
119
119
129
104
24
133
122
108
117
107
197
87
110
124
106
17
113
12
79
55
73
104
144
112
108
103
27
98
100
106
122
129
104
113
115
111
109
126
110
137
129
125
124
51
69
141
189
213
190
138
135
139
39
152
125
110
124
126
87
106
125
128
130
142
123
111
28
137
127
149
134
111
130
126
123
133
131
123
109
129
99
102
87
107
125
122
102
109
106
116
106
116
133
117
94
122
133
42
118
118
133
136
107
106
111
114
104
114
137
72
89
105
94
122
121
126
30
145
134
36
120
122
107
122
142
154
144
53
146
138
34
141
156
124
68
126
113
111
130
126
110
87
126
108
110
60
126
126
123
101
136
121
119
69
122
125
35
129
130
112
110
107
17
106
121
122
128
139
113
125
110
106
123
154
147
126
127
127
153
142
149
161
144
152
145
141
152
154
60
134
137
128
119
78
153
106
123
156
143
146
121
38
152
102
121
119
85
118
114
123
25
134
112
121
122
120
112
128
98
147
126
112
110
107
41
113
122
138
115
72
140
130
53
114
96
133
127
119
19
46
111
111
106
137
140
48
113
123
104
102
109
126
113
142
111
66
116
127
128
124
99
129
65
122
121
107
131
117
127
126
113
111
16
154
136
122
157
33
126
126
103
100
111
109
121
67
122
128
121
123
30
120
126
121
138
131
127
131
40
123
106
84
50
80
127
125
85
112
112
123
125
140
30
124
110
99
131
123
138
143
125
108
105
124
98
125
139
157
136
101
129
102
114
146
141
109
105
126
123
128
120
108
143
55
113
98
109
121
112
123
141
103
111
116
24
124
145
148
164
145
48
132
144
20
124
120
145
133
111
126
130
131
129
128
132
131
140
99
110
110
129
138
64
33
131
22
146
55
125
146
138
139
35
127
33
116
101
92
109
125
124
47
99
96
103
97
102
78
153
127
115
107
121
98
105
141
119
124
145
133
144
121
140
147
132
126
54
119
121
99
55
136
26
110
31
80
106
107
130
122
122
148
116
113
128
107
79
116
124
127
111
112
113
137
138
134
136
114
108
111
135
134
128
131
38
58
125
115
108
108
88
130
127
140
130
122
108
115
141
108
135
112
124
131
124
13
123
45
110
117
41
69
122
119
113
106
82
161
112
109
109
138
109
85
60
105
121
139
142
158
110
124
28
120
126
135
132
147
153
153
151
155
139
127
127
138
125
140
129
128
129
119
106
121
107
128
114
111
111
107
123
119
124
139
105
126
121
104
107
105
120
122
105
109
119
127
109
112
102
127
111
113
106
123
112
112
123
131
124
28
121
123
106
157
110
143
129
114
120
126
133
119
135
116
122
149
130
113
107
145
146
127
141
133
147
135
158
135
152
140
139
144
131
107
97
109
174
152
119
131
138
112
127
111
130
134
108
143
129
136
142
134
135
129
78
135
135
137
17
6
111
106
126
148
120
112
127
123
126
130
127
128
128
136
119
37
99
111
103
120
115
120
123
126
127
104
146
114
119
120
110
118
42
354
51
51
89
51
57
120
112
111
184
128
22
123
126
120
109
106
56
160
123
83
135
43
135
130
136
158
123
38
78
134
121
117
116
132
96
133
127
62
121
99
45
118
164
147
138
163
130
137
162
145
36
118
116
17
144
138
144
133
136
132
143
129
150
148
138
142
133
154
36
145
166
144
181
98
145
136
143
180
133
137
60
111
115
118
136
76
113
14
116
107
108
109
120
147
128
131
125
111
16
121
33
130
142
125
129
126
138
140
144
158
143
147
139
133
41
141
176
155
74
121
121
121
125
69
164
141
137
131
42
128
111
149
122
129
124
122
117
167
161
152
111
124
120
121
120
123
112
70
119
134
141
143
148
149
146
153
131
108
110
199
131
153
120
101
125
127
139
125
131
129
126
131
141
153
75
83
144
132
128
125
129
118
115
107
106
125
113
120
111
127
109
119
124
108
123
119
108
138
135
127
124
112
107
124
128
127
111
122
112
121
130
131
134
126
112
124
103
125
109
127
112
128
123
126
124
128
144
166
154
128
127
124
107
75
122
109
100
120
111
108
109
124
124
127
114
99
111
119
107
109
136
103
111
123
134
139
123
137
136
140
65
111
54
148
130
20
62
147
38
134
62
123
122
127
123
128
124
112
111
112
121
110
127
133
120
103
125
129
114
152
136
121
145
102
113
95
42
137
115
154
156
121
114
116
129
127
130
135
154
153
142
153
171
185
17
120
116
130
112
107
137
119
110
124
121
121
107
100
128
109
107
131
127
105
56
76
142
42
119
153
126
74
132
60
52
141
127
71
124
110
102
112
102
120
17
108
122
118
30
109
122
124
119
129
136
126
122
119
130
120
124
126
120
131
116
110
111
123
128
108
56
144
141
105
127
107
149
120
126
123
121
123
125
131
126
119
58
121
142
125
110
164
66
107
90
59
109
51
112
17
57
128
114
97
124
111
108
65
104
105
118
67
102
71
124
120
72
105
101
120
114
128
74
106
123
105
123
138
116
82
140
126
131
109
138
78
101
108
81
140
132
30
168
113
128
109
124
128
127
133
119
140
106
118
26
101
95
103
108
124
137
111
131
121
111
122
123
142
109
40
132
128
130
110
124
148
133
134
132
127
145
142
131
141
136
131
138
127
136
153
138
53
126
107
111
143
144
171
144
144
74
127
106
128
125
107
21
122
129
130
140
134
151
133
107
63
137
124
157
138
118
131
131
137
123
30
113
129
130
123
23
149
118
131
119
67
137
124
108
126
126
126
127
139
121
113
119
106
127
126
109
140
139
146
125
121
110
111
122
110
129
128
121
75
122
107
116
127
106
123
102
108
56
158
173
103
129
113
110
113
133
132
118
121
145
147
142
131
142
123
119
139
128
138
156
148
121
104
130
133
128
125
126
129
110
139
138
114
133
112
113
113
128
109
105
101
103
59
126
122
109
122
85
135
130
120
143
126
123
123
121
120
124
127
109
108
113
67
128
27
148
132
100
137
10
28
96
103
106
129
110
123
108
104
122
52
57
112
108
114
68
168
115
111
106
127
125
142
142
129
130
170
154
171
157
137
146
100
149
140
137
157
23
154
53
89
92
96
101
109
122
112
112
77
137
133
129
109
28
160
134
136
128
52
98
125
149
139
134
136
130
49
101
101
115
111
125
12
121
109
104
111
128
111
129
109
130
52
122
121
110
142
109
124
32
74
107
122
109
107
110
25
123
104
110
123
124
118
124
88
122
127
113
109
125
142
106
139
126
109
127
130
123
107
126
130
110
110
54
131
128
128
144
171
35
95
94
108
128
18
128
164
124
122
125
43
106
97
105
78
127
115
110
124
123
119
121
129
10
110
119
127
123
122
128
128
153
131
140
105
107
127
107
99
62
138
127
135
109
109
126
152
117
48
105
114
52
136
130
127
142
124
131
24
107
108
162
26
148
106
26
129
114
99
114
109
110
143
123
36
57
136
124
133
119
142
37
136
113
121
103
121
108
106
140
69
143
34
138
125
140
25
33
117
87
109
113
14
130
98
128
63
133
129
111
108
113
127
126
122
59
127
125
115
113
96
108
116
108
128
106
104
104
50
118
111
103
106
91
120
118
102
126
122
117
101
129
121
41
145
24
17
109
12
161
145
130
88
155
157
156
147
170
130
142
137
142
80
141
129
130
101
108
104
111
101
111
120
108
29
120
41
126
112
105
39
142
168
138
27
136
149
128
143
155
123
22
126
119
121
55
124
81
156
133
142
113
129
121
109
126
60
123
123
96
140
134
14
129
164
134
96
104
131
43
122
98
141
106
107
127
109
105
134
107
185
51
145
164
83
53
62
150
132
127
111
134
130
128
136
149
141
131
31
103
103
61
144
157
140
137
135
128
126
135
144
129
129
78
104
100
126
104
125
126
131
135
131
133
133
135
83
120
125
109
121
138
125
154
134
136
191
129
148
173
27
119
114
136
127
132
119
129
113
120
131
137
105
132
138
136
119
23
105
124
111
137
109
123
110
124
24
84
105
102
112
105
145
123
110
106
128
127
111
110
142
157
133
66
108
97
106
137
142
119
125
113
126
108
108
129
125
40
95
95
119
125
123
148
120
114
126
124
121
123
120
138
123
123
127
119
110
118
132
88
121
27
104
126
122
123
122
32
139
57
128
133
55
139
179
135
58
150
127
126
125
112
120
147
137
125
173
100
123
146
21
178
112
110
129
89
111
124
139
123
129
126
109
107
108
108
134
120
127
113
109
119
126
109
124
126
112
110
109
122
126
137
134
124
109
61
52
67
130
120
138
143
151
129
151
125
127
100
106
105
100
57
90
92
90
94
105
136
128
127
126
106
143
155
133
133
136
189
140
167
138
109
134
139
134
111
146
36
140
24
106
117
119
120
121
26
132
111
129
115
11
137
130
133
153
148
136
111
112
117
136
143
103
105
99
100
107
129
62
97
117
107
123
131
136
124
136
108
113
112
121
103
111
109
83
129
139
121
39
124
108
145
28
114
154
113
111
110
106
113
145
137
61
119
110
51
163
132
123
127
146
122
131
128
119
36
106
106
118
66
29
129
109
124
113
128
112
147
109
126
125
129
133
131
115
110
126
112
125
109
108
106
137
118
107
119
113
128
95
128
149
134
133
114
123
112
123
34
134
134
138
126
58
127
104
111
122
112
99
126
124
124
111
246
179
128
122
126
76
148
150
165
126
122
129
47
124
159
114
38
129
137
135
136
165
137
127
125
65
110
90
123
157
107
23
110
134
109
109
106
168
127
118
106
124
128
113
102
119
120
124
92
112
120
109
149
88
112
114
123
83
124
126
108
143
106
80
