138
134
101
188
112
170
105
105
99
100
98
146
517
42
88
44
42
92
97
49
42
106
79
46
27
35
35
57
68
47
198
38
53
41
91
52
60
39
35
66
94
36
58
208
139
219
158
149
90
183
262
212
214
253
288
210
193
206
204
26
157
151
149
161
144
197
168
140
146
143
212
160
157
16
154
164
96
195
177
126
140
20
196
195
143
135
135
161
212
125
144
114
135
113
189
120
124
125
123
150
113
114
186
141
88
136
151
127
191
120
122
118
155
106
289
136
106
110
116
124
127
192
91
144
102
127
117
109
201
139
142
335
47
192
115
116
153
112
134
35
66
206
149
110
112
133
129
119
131
126
71
138
138
169
146
163
160
133
45
244
155
139
150
169
161
222
175
76
165
2020
259
134
143
131
167
222
130
155
158
169
68
143
52
138
130
144
22
156
208
192
150
237
35
149
235
96
125
92
180
128
204
159
150
148
142
128
217
133
51
158
138
150
228
149
154
235
137
207
144
146
117
160
117
26
161
46
115
124
112
135
127
203
137
138
143
40
133
125
169
30
127
120
76
194
101
98
196
126
43
133
147
148
131
24
187
28
127
52
126
154
153
222
32
105
124
131
134
130
285
126
128
200
157
142
132
113
127
23
115
44
131
115
186
175
120
119
140
128
28
198
141
126
135
161
112
186
125
33
115
123
130
117
116
133
109
134
115
101
124
160
197
129
18
170
116
149
123
209
137
16
122
137
156
126
180
160
138
116
145
131
32
172
117
115
100
101
131
104
179
120
140
19
75
139
95
106
111
171
113
67
132
107
124
113
167
115
99
130
134
163
135
199
137
95
133
145
134
117
116
118
129
75
108
147
120
246
124
125
116
66
145
118
186
122
126
130
72
182
150
124
145
141
128
135
127
174
135
80
28
118
113
145
125
184
117
118
58
127
160
141
187
126
140
145
152
129
58
189
140
127
140
144
193
143
80
107
132
159
55
131
196
135
145
138
153
69
181
64
130
133
66
133
141
198
30
84
115
137
131
96
131
171
115
117
118
69
123
125
121
185
132
16
128
119
41
74
114
125
283
129
127
143
80
128
207
106
140
136
177
131
180
116
104
118
128
128
125
55
204
167
125
118
77
306
127
127
86
131
150
144
51
197
123
144
125
20
151
117
153
134
14
116
65
133
187
209
73
130
132
115
149
118
109
178
137
142
149
27
288
180
113
131
17
184
151
125
131
175
130
130
156
164
222
37
109
100
114
140
141
198
143
128
98
113
142
11
127
224
131
104
127
143
130
169
127
129
36
112
94
141
127
173
97
108
24
112
62
145
41
130
190
118
108
56
127
155
106
184
127
124
114
114
160
112
168
117
67
131
128
152
124
164
111
110
103
112
113
131
111
185
133
125
126
113
137
111
199
122
118
134
31
134
134
180
147
154
139
161
108
37
183
117
144
81
114
138
116
27
164
114
104
30
156
145
16
145
206
147
130
113
88
48
110
124
132
53
128
132
120
134
126
184
131
111
115
118
87
108
171
117
127
125
96
154
127
180
104
239
109
165
131
193
140
58
134
123
145
118
160
72
131
71
132
145
117
112
172
66
115
109
113
133
78
116
195
142
146
121
154
131
176
134
135
119
140
53
114
171
136
108
17
114
110
130
115
192
28
102
124
149
41
98
73
127
179
43
119
108
74
134
135
115
169
113
143
136
150
130
175
142
188
194
98
307
208
201
185
214
151
142
138
129
21
134
184
129
118
129
30
110
138
123
199
132
136
36
7
62
158
137
159
129
128
129
135
155
29
75
185
117
125
140
145
114
130
168
115
129
115
155
126
185
57
129
123
124
45
63
157
51
192
12
124
133
116
125
148
131
143
135
100
35
136
189
139
9
194
126
57
144
18
155
108
168
158
18
117
126
121
154
219
132
176
133
35
132
111
112
117
62
194
153
133
129
307
125
122
110
69
273
282
139
148
152
124
16
186
128
132
111
163
160
213
117
63
72
99
103
125
85
106
197
146
145
144
126
118
171
113
114
54
138
152
126
183
229
140
32
37
153
147
182
136
167
107
115
149
119
186
112
132
108
149
31
129
169
118
147
122
129
57
117
117
139
135
118
77
136
116
113
186
125
135
129
46
128
118
187
127
111
131
115
140
109
183
132
118
125
112
131
39
101
177
127
135
118
143
130
181
126
137
132
131
158
115
116
291
74
131
145
128
132
194
124
141
58
150
106
128
170
122
144
136
152
136
189
116
125
129
144
77
125
157
134
135
125
133
133
185
142
143
120
125
136
130
197
126
141
142
155
140
194
136
124
117
111
136
114
182
132
113
117
113
152
125
182
118
104
113
111
148
117
168
137
136
130
41
143
126
191
141
91
138
164
138
184
128
106
22
120
24
81
131
128
173
110
107
117
109
148
118
172
126
117
128
128
131
112
183
115
125
118
135
13
132
127
163
127
113
124
117
114
135
163
113
128
110
92
161
138
197
143
114
109
44
134
115
62
189
137
113
20
133
157
174
189
152
148
138
220
257
233
22
356
226
160
112
113
128
150
136
178
150
132
127
90
163
203
137
137
122
169
121
180
130
132
127
131
160
130
198
95
114
125
153
81
137
205
140
145
9
112
151
107
168
118
111
126
113
136
116
196
114
142
136
160
141
201
71
42
128
117
137
132
116
112
191
132
123
124
113
112
25
181
112
133
106
133
108
132
196
132
126
146
168
361
170
143
167
24
129
209
136
149
138
156
135
195
183
161
115
160
125
193
131
47
125
115
146
142
190
123
34
125
108
144
110
286
143
134
129
150
205
121
29
133
116
114
134
121
53
138
121
140
138
28
109
12
116
165
34
91
116
106
13
97
65
131
204
45
130
128
136
164
137
190
34
28
149
137
113
102
117
206
136
84
112
128
151
128
188
41
115
117
116
236
125
186
133
131
52
134
165
137
209
151
147
163
98
107
190
127
137
142
164
133
188
144
134
141
145
116
196
141
120
116
119
154
143
197
144
47
139
144
125
128
137
108
110
125
146
132
182
136
125
130
116
142
118
42
187
125
126
112
114
127
118
138
116
107
108
91
145
134
192
143
133
140
151
132
180
127
108
115
128
146
119
78
182
69
137
132
128
130
131
133
217
36
133
149
116
174
116
139
140
151
115
112
186
127
91
108
126
132
118
27
134
134
129
124
146
127
124
145
115
64
114
50
141
89
128
143
128
18
113
117
147
86
169
118
129
68
116
134
151
128
182
60
126
35
139
150
17
128
151
80
196
132
131
144
128
120
116
71
132
15
132
147
140
180
118
116
323
109
63
298
151
207
193
281
197
198
211
232
203
199
62
172
233
189
174
182
204
212
167
191
225
270
225
201
158
143
216
92
143
125
142
132
129
162
131
106
121
116
137
45
118
76
112
117
110
131
153
109
182
131
142
110
111
156
135
190
122
139
139
154
94
193
130
115
117
123
148
122
183
114
125
138
15
134
148
116
172
211
129
12
160
130
126
208
54
124
152
59
136
53
191
132
124
105
180
23
160
212
68
57
115
130
107
135
113
168
106
114
133
101
96
127
189
128
107
148
140
155
136
95
187
138
129
154
136
196
131
111
92
114
153
111
163
128
122
143
113
147
131
194
91
134
131
115
130
75
172
123
123
54
162
141
113
183
139
133
122
137
128
285
85
116
119
288
113
180
103
101
116
108
151
129
156
119
113
103
109
127
40
130
169
126
126
129
119
134
120
164
136
128
116
147
87
125
177
54
113
110
112
156
131
18
170
103
122
105
111
125
115
194
134
132
63
82
107
133
112
177
133
126
127
81
164
134
204
148
116
113
46
158
133
203
114
130
126
151
129
184
110
37
109
113
73
135
108
178
116
114
74
81
100
32
93
107
193
134
133
96
108
79
163
124
164
142
91
114
115
114
110
182
122
150
144
128
114
180
135
18
152
124
125
65
133
194
113
107
117
110
134
131
187
105
106
124
112
125
31
114
16
190
126
139
134
151
117
102
171
27
125
125
126
144
132
169
111
126
127
94
112
103
104
106
111
140
134
140
156
131
147
105
109
124
115
144
34
131
168
156
164
90
139
118
73
185
132
135
59
130
149
203
141
144
134
46
149
117
181
117
43
130
117
127
152
37
193
134
115
107
39
147
117
73
184
134
129
131
135
130
124
135
126
119
126
100
115
103
204
138
134
109
24
151
115
153
156
144
142
146
135
97
180
132
29
117
96
44
165
92
184
155
122
85
134
152
199
138
130
143
114
127
112
178
140
35
193
111
117
115
189
144
140
141
165
166
182
128
249
126
99
128
188
120
128
113
112
123
86
188
197
115
116
33
179
148
182
112
114
59
124
141
130
169
130
132
123
115
135
116
113
296
145
152
141
46
196
152
124
169
89
66
141
193
26
129
113
123
135
118
156
75
137
118
117
83
140
122
189
130
113
133
182
207
191
113
115
110
24
119
114
113
165
110
115
74
129
135
134
217
117
135
135
131
115
179
119
128
16
123
128
145
132
32
167
138
129
113
147
116
91
138
113
122
127
118
110
129
180
128
111
112
116
149
30
118
193
143
139
137
156
110
169
136
112
114
36
123
147
104
189
135
68
130
129
156
130
172
110
131
117
123
132
108
188
87
110
112
109
120
38
104
114
168
118
109
109
174
129
136
123
204
134
146
116
125
113
182
123
135
79
117
91
60
290
123
135
166
139
173
129
108
112
100
122
115
171
136
116
113
120
147
132
169
145
113
114
112
145
115
13
190
141
135
127
132
111
109
122
106
107
111
126
162
118
169
117
131
122
146
132
164
110
39
145
126
125
53
117
23
175
132
133
71
27
120
153
9
183
35
135
127
143
138
160
60
185
135
40
32
115
19
107
136
112
171
140
114
81
64
117
104
99
141
80
136
119
116
114
43
122
201
32
123
138
123
145
130
12
143
127
122
62
120
83
152
438
130
103
127
45
199
229
145
190
185
119
208
188
120
177
193
177
35
155
129
179
155
141
166
131
110
114
137
118
112
156
110
99
89
114
162
111
177
139
130
115
129
134
133
192
140
145
143
59
103
126
163
94
39
125
135
17
166
141
12
35
83
54
125
46
109
89
76
124
56
203
139
136
177
125
113
182
130
112
117
115
18
128
110
73
105
106
95
143
162
130
197
134
123
93
106
164
151
195
176
93
110
118
119
112
204
136
124
134
163
128
143
310
137
104
136
227
151
138
71
149
57
19
56
8
129
203
115
14
112
121
157
97
191
150
136
27
35
129
131
136
177
111
116
108
111
123
114
63
193
27
117
106
148
41
158
108
172
66
125
124
102
112
129
117
191
118
117
44
144
131
107
168
66
153
133
134
243
88
114
111
101
118
35
103
132
142
133
127
125
100
147
136
180
125
51
118
55
168
151
130
191
123
137
142
149
130
152
25
53
107
113
126
144
129
101
165
132
115
130
156
59
142
209
134
138
104
126
114
23
183
134
123
114
105
132
129
178
133
132
125
130
155
140
136
133
138
16
127
136
130
183
127
114
105
106
134
135
163
151
88
117
112
152
133
179
135
139
136
136
137
167
74
29
27
48
100
133
123
145
103
166
132
114
117
130
131
119
362
114
125
147
80
24
123
132
121
133
111
143
124
10
283
194
62
111
138
127
180
37
24
130
109
107
150
56
122
184
129
107
128
135
147
117
176
123
113
21
118
150
124
180
135
127
109
115
147
87
123
181
134
38
220
430
132
130
171
122
109
117
199
78
105
130
136
156
218
116
150
141
128
127
81
181
121
49
137
139
163
159
18
185
160
164
144
119
131
210
162
141
175
154
210
158
126
365
426
33
17
127
119
128
129
165
431
136
143
129
179
120
29
119
133
137
114
166
125
125
133
138
137
124
173
122
136
127
112
22
35
21
142
192
138
135
144
238
115
186
128
131
127
132
124
177
118
128
129
108
146
159
190
112
129
129
111
144
130
182
129
128
118
129
107
124
99
124
283
126
154
125
210
158
135
128
130
115
176
115
112
110
164
145
203
132
113
113
31
275
414
106
552
188
118
126
115
113
152
114
186
129
122
108
72
149
116
183
138
116
109
114
128
112
177
118
125
123
132
160
117
187
124
129
17
102
102
109
107
195
120
124
112
131
61
106
178
157
131
132
115
145
117
195
122
28
100
139
137
78
56
31
156
97
133
40
114
113
134
129
245
116
111
80
154
132
109
166
118
112
105
295
126
138
130
109
117
111
126
113
171
104
131
128
101
130
122
181
110
114
112
150
124
200
124
121
106
135
142
126
129
146
135
136
141
129
119
89
110
37
110
118
136
127
104
26
184
132
136
95
149
29
112
176
33
82
156
27
121
143
133
189
48
141
109
124
111
136
110
169
144
42
140
132
122
129
203
124
139
119
157
39
119
185
128
125
129
124
49
113
115
119
147
156
115
124
129
130
132
142
115
132
139
131
204
139
30
106
112
146
130
170
123
149
70
50
95
38
131
132
192
139
165
78
143
11
141
206
241
137
133
113
119
131
123
127
117
160
132
212
158
145
63
125
86
156
181
140
116
170
155
32
126
104
118
130
199
147
133
177
122
132
139
128
137
117
186
140
147
136
201
129
177
132
129
116
110
80
128
175
126
44
116
112
129
130
63
113
182
129
147
161
30
60
125
187
117
127
124
150
83
113
19
69
117
130
138
65
109
133
129
169
140
108
117
110
284
191
33
122
63
114
46
145
131
183
140
129
128
111
42
36
128
44
192
21
101
21
85
96
94
88
33
129
170
132
106
115
126
146
127
179
137
130
135
148
137
193
146
129
72
122
145
130
186
140
45
109
111
144
76
76
186
87
145
43
114
26
144
112
186
26
133
129
116
164
139
78
152
145
104
102
104
121
334
147
152
132
136
120
171
124
129
130
89
136
113
127
123
129
108
132
136
138
54
171
37
144
40
131
134
132
65
194
108
112
111
110
133
39
132
196
141
101
90
100
110
129
177
142
191
134
157
126
169
125
124
117
114
146
110
168
114
131
131
136
150
117
173
125
112
122
130
124
132
194
144
16
106
64
263
114
183
62
118
49
116
136
131
131
137
137
145
113
153
134
190
112
130
132
135
75
109
159
119
87
63
134
163
135
38
182
144
134
129
115
145
109
180
142
135
121
163
130
155
130
24
113
126
135
134
23
124
14
135
167
118
126
128
98
114
33
189
134
139
131
152
65
137
142
206
135
24
144
61
115
106
163
118
114
89
144
82
83
153
128
43
152
115
130
97
54
170
133
125
122
123
156
141
133
134
135
34
100
111
115
169
131
143
37
105
97
124
108
167
104
114
117
111
128
108
121
112
124
65
134
151
147
109
115
108
95
100
94
123
117
193
84
119
135
135
164
107
164
120
74
122
142
144
115
74
184
33
127
137
123
81
108
103
173
103
109
102
105
134
109
118
167
128
31
110
128
20
146
128
175
124
109
121
102
79
127
29
43
188
17
91
106
106
127
144
58
173
129
135
39
138
162
129
170
62
131
136
145
190
148
187
129
131
129
157
117
166
129
108
118
128
152
303
134
134
121
123
147
126
186
133
37
110
29
120
186
128
117
108
114
114
106
136
108
192
131
125
139
158
64
103
174
112
125
15
295
113
196
125
124
125
116
135
132
186
122
119
127
108
122
103
159
40
145
132
28
60
128
152
123
183
170
134
139
152
114
203
112
117
180
212
266
167
222
225
270
171
194
212
211
280
198
206
149
240
44
153
132
169
24
170
208
148
113
117
46
216
242
138
133
28
127
150
132
214
125
123
46
114
150
151
166
108
111
38
143
149
122
71
155
148
145
103
49
130
127
133
131
42
105
127
146
92
188
130
102
127
119
136
115
185
117
136
135
131
130
124
137
110
105
99
125
152
128
115
115
125
127
130
60
119
192
113
139
128
124
134
111
129
115
301
113
148
62
171
143
57
122
118
95
85
129
168
146
114
132
144
104
107
164
117
142
114
123
156
113
173
121
137
139
129
119
111
190
118
43
56
30
117
21
152
107
169
45
99
124
103
136
134
114
190
60
131
109
125
148
124
185
114
102
157
102
153
115
174
125
117
122
108
135
115
179
164
111
127
114
133
97
174
114
139
82
151
153
108
191
134
136
107
45
135
112
176
98
131
140
143
158
127
200
132
119
133
161
119
130
116
190
138
118
144
107
180
129
43
141
160
168
144
219
154
152
143
122
131
107
102
101
102
96
122
94
124
195
140
113
114
126
127
177
133
155
127
127
144
128
191
124
142
122
130
109
113
138
135
128
137
163
137
226
132
86
131
139
152
128
28
122
45
42
113
115
106
103
77
302
60
14951
45
62
119
130
113
110
190
122
149
126
53
135
117
157
114
125
104
20
131
217
339
144
156
96
112
20
187
108
105
115
136
131
125
191
147
139
73
135
37
15
136
193
140
88
112
62
118
136
51
191
113
117
112
124
152
140
185
57
112
21
91
128
132
134
99
169
127
128
115
113
131
54
178
152
130
116
58
143
130
21
132
137
151
144
153
142
187
67
117
114
118
114
145
119
100
112
131
124
109
35
150
109
161
135
37
136
260
131
117
116
113
113
68
142
135
115
198
115
117
100
125
101
102
185
110
127
129
123
117
136
32
170
132
106
125
18
61
130
116
182
139
102
113
122
201
353
52
110
18
115
116
89
127
185
131
130
126
128
118
128
200
139
135
115
128
161
217
116
125
129
149
163
202
116
134
127
98
155
125
169
141
129
129
143
136
167
133
135
130
112
139
138
27
138
126
60
126
124
128
129
193
135
62
141
144
119
53
176
112
96
36
131
146
26
113
219
132
129
39
150
154
126
179
114
135
125
113
137
109
174
127
118
128
135
143
136
192
131
100
113
162
141
192
126
101
103
127
135
115
202
264
132
139
94
60
201
148
118
123
81
174
154
198
129
114
129
125
130
119
181
134
119
127
143
129
162
116
114
110
117
303
43
210
133
109
112
127
128
131
114
138
148
126
37
60
61
45
45
173
138
124
139
75
162
140
201
171
129
118
56
141
21
208
32
130
88
126
139
90
129
165
114
106
139
94
130
133
170
110
128
116
144
136
125
96
79
15
117
114
83
115
139
128
182
137
108
113
112
73
111
166
62
118
112
116
112
131
100
199
126
126
129
118
133
103
175
17
143
131
121
159
118
109
186
113
105
103
101
152
128
184
132
140
125
131
129
92
171
127
127
132
143
128
169
127
19
130
128
130
147
135
107
128
111
94
151
163
13
117
187
127
127
131
46
143
104
150
104
111
108
105
93
118
106
59
180
128
127
135
153
117
185
118
110
132
118
148
65
128
199
138
139
138
144
127
253
112
126
125
145
113
188
53
128
107
132
141
47
130
185
127
124
118
111
143
118
168
128
129
117
22
126
97
111
142
110
116
115
106
119
69
145
178
116
131
83
126
22
127
27
186
107
130
112
125
25
143
89
97
179
113
97
131
36
165
113
85
163
54
65
131
113
26
162
155
135
138
97
106
113
112
136
318
130
83
151
129
102
190
127
108
125
148
128
173
121
118
108
82
126
139
110
160
126
123
74
118
147
131
17
174
111
202
112
146
108
116
194
134
59
134
80
165
136
197
125
119
128
156
134
190
134
37
123
128
152
134
181
152
131
106
104
128
106
177
138
145
248
133
18
173
137
130
126
128
103
129
129
188
131
142
106
127
39
116
171
118
128
130
147
130
177
142
263
118
177
128
30
145
143
21
101
113
141
130
211
129
116
79
109
128
116
171
44
130
126
81
153
125
116
136
115
114
127
131
52
129
165
67
164
110
110
145
129
189
137
154
162
132
58
56
184
127
140
47
80
127
89
107
172
190
139
130
166
133
28
194
137
32
115
61
122
143
100
204
105
113
141
155
131
191
114
119
124
130
24
210
228
138
118
154
179
122
113
115
125
112
116
151
137
198
132
35
117
129
138
106
105
99
116
137
32
126
122
146
131
87
146
139
141
165
129
119
122
71
118
130
129
130
132
137
83
74
178
148
136
182
150
130
134
115
128
119
187
128
117
140
164
11
151
180
134
106
13
125
141
124
118
133
118
128
51
178
147
216
150
143
146
168
80
112
37
138
111
104
118
132
115
185
162
113
117
19
102
150
73
163
119
122
108
47
127
145
69
142
134
145
151
134
121
108
172
130
129
134
130
99
116
101
104
127
133
116
126
132
186
115
73
105
128
68
153
63
118
169
109
113
116
111
140
129
169
123
130
116
108
127
108
48
81
115
117
127
132
145
116
184
139
134
121
30
152
105
200
135
108
96
61
169
29
127
205
129
115
99
600
159
143
144
185
211
141
34
128
114
116
175
184
142
139
118
137
189
200
130
127
141
131
183
111
137
119
123
132
132
127
153
128
132
97
105
126
115
174
113
113
131
125
124
120
185
142
118
128
117
185
214
142
501
131
118
179
120
53
112
111
179
169
138
143
496
178
141
148
148
577
136
155
236
53
149
189
130
92
223
191
179
164
118
116
138
220
25
201
140
97
32
138
294
190
123
120
128
225
116
187
130
18
124
41
114
136
216
183
139
130
131
146
102
72
89
139
61
121
91
147
128
110
174
148
135
226
123
70
172
157
117
81
115
135
108
174
67
109
48
130
131
149
130
186
94
125
123
157
127
114
173
113
123
212
162
125
181
177
45
116
144
143
192
133
128
113
114
178
129
202
135
127
158
129
179
156
115
130
162
128
183
130
132
114
109
120
155
226
150
136
128
150
104
216
140
148
149
148
210
27
155
91
121
147
140
204
162
155
147
113
163
256
130
150
134
144
206
149
138
132
157
152
171
127
130
133
151
117
117
182
132
145
131
147
110
215
122
116
135
127
61
125
16
188
121
138
142
159
41
126
169
161
125
94
146
109
139
198
125
122
108
86
118
68
149
129
40
35
129
74
127
37
137
198
142
129
136
136
79
132
40
187
127
132
117
79
75
138
198
140
124
130
124
110
132
192
129
129
109
128
129
78
172
127
134
132
139
110
113
182
137
127
129
135
122
167
142
135
126
136
150
131
170
114
111
112
111
15
151
236
164
37
150
137
173
57
233
148
105
119
134
140
194
127
139
124
126
151
116
175
119
142
134
162
145
184
123
124
146
168
89
152
207
148
96
131
169
115
163
132
133
123
134
157
188
119
157
128
117
129
113
72
175
144
68
138
123
130
105
172
115
133
119
150
73
138
134
214
101
139
151
128
169
155
122
117
141
97
115
168
32
122
14
116
27
260
148
179
15
157
145
82
143
150
194
150
233
136
215
281
151
214
202
255
162
128
167
132
185
149
68
70
126
131
175
180
83
129
116
116
106
142
132
130
109
137
103
156
146
188
114
115
106
116
31
154
142
214
37
141
88
170
117
114
178
134
122
96
115
141
176
116
137
116
131
133
136
194
112
131
113
133
153
115
167
115
102
111
108
95
104
131
122
136
133
124
127
105
105
192
135
110
130
136
135
209
166
131
30
122
141
193
148
147
162
172
152
230
133
131
102
172
144
91
153
157
27
131
172
142
144
146
131
44
134
140
222
145
46
112
141
132
125
228
125
130
81
59
189
148
209
156
139
143
150
133
193
140
137
110
146
38
129
170
140
115
119
114
155
62
194
125
126
140
120
175
106
174
110
127
130
146
143
125
140
137
140
142
201
142
150
151
137
126
142
125
123
75
127
140
129
143
126
136
142
154
102
134
148
143
132
101
131
115
133
69
162
115
133
129
129
147
138
138
137
125
86
124
133
113
147
114
123
128
164
124
117
126
109
116
114
126
126
112
131
49
115
128
55
116
40
125
106
26
113
66
124
143
128
142
163
134
169
148
130
131
131
131
165
139
138
123
125
115
94
158
56
147
136
130
109
108
123
141
129
123
123
97
103
126
155
137
128
26
138
148
120
39
110
119
136
137
127
44
133
129
149
132
118
20
130
31
157
117
135
29
141
123
132
36
108
71
95
24
99
29
102
27
126
127
92
116
111
110
111
108
108
38
119
114
127
84
118
157
118
129
109
131
123
128
19
144
144
120
128
116
107
114
155
111
116
132
139
116
130
122
186
98
131
140
136
115
96
137
125
113
14
116
127
136
144
151
134
16
112
109
127
66
128
158
104
124
120
165
63
139
46
154
129
137
114
137
105
134
160
137
134
59
123
129
115
111
43
146
111
109
113
132
109
114
152
127
149
164
135
171
31
148
63
112
133
135
142
156
154
108
94
106
53
148
138
133
132
116
112
116
123
114
108
126
169
114
127
105
128
129
16
95
230
420
180
133
145
144
134
150
155
159
94
136
154
162
107
145
179
29
116
132
150
43
136
137
171
142
145
150
31
80
173
180
133
119
135
152
148
183
153
112
126
43
86
154
134
123
76
128
133
123
128
57
84
131
130
118
111
40
128
151
154
126
122
34
116
59
117
129
110
137
122
127
108
119
107
117
149
108
113
98
126
92
108
109
127
109
107
107
111
134
161
107
161
58
101
73
152
140
125
33
149
142
128
101
117
117
24
130
72
22
132
139
105
110
118
126
131
158
128
123
124
50
143
137
157
157
154
70
154
130
111
131
130
130
93
134
129
119
124
134
102
100
94
97
80
138
112
156
107
108
131
131
125
131
138
136
133
141
144
128
130
19
147
130
127
127
112
124
117
63
150
136
136
116
66
132
133
137
133
109
104
111
54
107
125
106
154
112
132
108
117
125
128
152
136
37
116
117
110
113
32
115
129
133
113
123
23
108
135
116
150
125
109
70
129
114
113
117
147
116
128
132
117
116
115
114
126
131
113
115
134
127
127
143
70
117
125
41
170
130
131
129
115
91
128
128
132
130
64
144
139
131
135
109
124
129
140
138
127
118
89
134
142
178
137
135
133
29
139
140
32
150
127
116
129
119
121
129
38
146
124
124
38
84
31
112
114
41
141
112
152
52
76
129
139
135
124
118
133
127
133
102
105
114
150
134
127
108
107
130
110
118
145
130
132
164
106
103
125
147
130
125
112
110
109
127
132
130
128
111
124
130
142
106
130
130
110
132
121
116
132
100
118
133
115
162
108
112
167
141
132
113
130
36
107
116
159
113
110
115
111
134
146
196
87
128
125
153
117
128
171
116
129
144
137
135
136
146
114
117
88
105
116
114
159
113
60
155
164
115
140
136
129
115
113
116
115
115
109
45
112
158
145
153
152
166
185
163
158
155
153
171
153
168
146
139
136
164
156
161
170
164
150
180
179
157
152
150
162
143
164
160
157
150
167
145
152
151
86
128
131
149
146
91
154
140
50
146
12
166
138
164
26
132
115
105
144
126
134
107
23
136
127
115
131
112
108
90
114
127
110
18
118
13
115
67
80
110
131
115
111
108
30
125
105
110
126
113
106
138
122
130
111
131
114
131
132
131
144
150
101
143
151
148
144
162
139
143
41
131
129
113
142
130
91
112
129
119
137
157
131
118
30
143
138
140
140
134
132
131
127
173
123
126
127
110
104
107
90
106
115
112
119
114
113
120
109
108
113
111
90
117
126
42
113
112
110
132
103
118
154
111
99
105
117
74
92
127
99
132
128
132
32
136
134
38
144
127
111
130
144
141
146
70
148
144
36
147
163
113
71
144
118
114
132
130
112
76
132
114
115
64
131
130
124
107
135
125
126
73
127
173
38
133
129
117
114
113
18
111
130
126
131
147
117
129
117
109
127
131
146
130
133
132
138
136
141
207
140
144
138
134
138
153
59
126
132
129
122
80
154
104
100
133
134
141
113
37
126
132
140
115
78
112
109
124
24
123
119
129
126
124
116
131
101
150
129
118
115
111
42
115
123
143
115
75
144
150
55
120
98
146
132
123
20
45
117
114
109
142
147
50
117
127
108
106
110
108
132
136
116
71
125
134
130
126
125
116
68
127
125
111
137
137
178
116
120
146
18
130
109
162
138
19
142
140
114
104
113
140
128
73
136
148
128
128
33
160
142
131
138
144
137
160
43
127
111
88
148
112
126
173
91
117
120
147
140
139
33
158
112
105
135
131
146
136
161
119
112
128
103
130
171
190
151
106
139
109
115
127
151
114
110
131
127
137
123
129
131
57
117
108
136
127
115
152
128
105
113
122
26
128
152
169
153
154
51
137
142
20
142
125
133
136
114
134
154
168
136
114
135
138
143
106
136
114
132
128
79
35
134
23
150
74
130
156
128
139
38
133
35
118
108
98
113
134
133
50
104
100
119
102
105
81
115
130
119
112
141
104
109
116
113
129
130
137
166
125
112
116
127
130
57
137
128
102
58
125
27
118
33
84
109
121
133
127
127
136
120
118
153
112
82
117
128
111
114
116
130
141
146
138
125
114
112
115
152
139
135
159
22
60
125
116
129
110
91
136
130
125
138
140
112
117
145
114
124
114
128
149
135
14
126
45
113
107
43
71
144
125
117
110
86
133
97
110
128
118
112
89
63
113
125
128
163
140
96
128
30
123
115
139
156
155
162
150
152
139
154
132
136
145
130
140
133
154
132
124
112
129
111
117
117
133
114
111
126
141
144
129
123
131
126
106
114
109
124
112
123
117
126
133
111
116
107
137
116
118
109
127
119
114
128
158
131
30
124
129
110
123
116
147
129
116
125
119
127
112
131
111
117
146
124
109
102
113
152
123
132
128
144
131
127
145
146
134
134
138
115
109
119
112
106
128
114
128
107
108
136
111
124
127
119
127
133
157
146
139
154
176
67
141
203
145
18
6
115
110
131
144
159
125
145
137
139
132
114
169
134
139
126
38
104
92
110
138
120
158
162
182
171
125
161
142
141
144
138
176
57
6597
64
67
108
159
114
128
120
119
144
131
24
126
127
120
112
109
76
156
124
86
138
50
140
131
129
151
119
38
76
129
117
113
116
129
93
124
125
61
118
95
46
112
156
140
137
152
125
131
138
154
37
114
113
17
169
132
136
145
140
138
148
132
138
127
147
140
128
150
36
143
144
150
148
94
139
130
132
143
149
147
62
116
116
122
126
98
162
15
122
113
114
117
124
131
149
136
128
112
17
125
34
142
146
127
134
130
142
143
147
168
147
147
143
137
44
146
167
164
78
124
124
126
129
88
150
146
145
165
45
130
115
131
128
132
126
133
122
161
149
155
116
129
124
125
142
115
116
70
124
138
149
148
201
162
152
153
135
111
133
118
108
126
129
105
127
149
127
129
135
137
136
136
168
146
77
87
148
136
132
149
132
111
115
110
110
129
118
141
117
117
119
124
127
115
151
125
112
130
152
136
129
132
112
131
116
131
114
127
116
144
113
131
124
130
116
130
127
130
119
134
115
131
128
148
129
133
149
156
154
133
146
128
112
79
111
114
106
132
175
110
113
128
113
126
117
137
130
130
113
115
116
148
165
139
156
170
133
141
155
150
73
127
64
152
134
21
66
182
43
151
70
142
127
132
151
123
137
131
123
125
122
146
148
123
128
110
131
137
145
126
128
129
127
105
117
98
74
131
114
128
145
116
111
114
181
122
119
142
151
164
154
149
145
142
18
125
124
148
113
109
124
125
117
130
126
146
109
104
125
113
112
137
161
109
164
106
133
44
123
132
146
79
139
63
55
160
133
75
141
112
105
176
106
112
18
113
128
143
32
114
127
134
122
114
136
175
140
125
122
126
132
155
135
144
125
114
115
137
142
114
59
147
147
109
131
112
152
133
129
124
124
128
128
142
150
123
65
129
144
127
137
153
71
111
94
62
113
57
115
18
59
112
114
102
128
116
114
68
108
124
108
73
107
75
163
124
75
131
103
109
117
132
82
110
125
109
127
126
115
110
143
131
136
130
143
66
104
112
80
144
136
52
129
121
115
112
127
130
126
151
124
123
113
122
28
107
97
121
111
125
128
115
138
132
117
146
127
129
114
39
136
132
147
119
128
135
136
136
133
146
151
152
124
144
139
135
158
130
141
168
141
56
130
126
117
150
156
190
159
171
78
132
110
131
114
113
23
144
138
135
142
144
136
136
124
67
141
131
127
127
121
133
137
140
128
32
118
116
130
156
25
129
121
134
194
103
130
150
117
160
138
141
141
154
129
121
122
110
132
131
124
132
144
148
133
123
113
138
112
114
130
164
125
80
131
129
101
130
112
127
106
114
60
132
117
93
132
120
113
116
116
127
114
116
139
141
140
125
131
119
114
130
136
139
180
175
135
112
143
166
131
167
117
128
119
124
128
117
160
117
116
118
133
113
114
105
135
64
117
127
112
128
88
141
165
128
130
129
127
126
128
157
131
119
111
148
126
75
158
30
156
139
89
140
10
33
100
107
143
134
113
126
110
109
76
53
59
134
116
114
68
132
119
115
110
147
131
145
132
129
134
155
145
143
145
143
178
126
141
147
133
129
22
146
132
108
94
90
99
107
103
108
110
75
170
134
134
118
30
147
138
159
133
56
104
133
139
147
137
153
136
52
104
124
104
114
129
13
171
121
116
125
142
101
133
132
135
56
124
126
114
127
114
141
36
84
124
129
115
112
112
66
141
116
114
128
127
125
171
85
136
143
127
116
129
112
132
128
130
112
128
129
125
127
113
149
113
113
57
136
134
172
143
144
40
106
139
127
154
20
131
150
130
126
130
46
126
101
108
81
115
159
116
131
164
136
136
125
11
121
128
131
147
128
132
133
137
134
159
109
110
130
111
88
65
138
128
146
113
114
131
139
122
51
128
134
55
141
135
131
126
129
152
26
110
111
128
27
138
109
28
158
121
104
114
116
114
129
126
56
60
138
128
138
125
129
38
156
120
127
110
125
113
110
126
97
156
36
144
141
157
28
37
116
111
114
119
15
136
103
128
64
136
147
114
111
116
132
130
127
61
131
130
114
115
101
112
115
134
148
126
108
109
53
122
117
127
111
93
125
126
103
129
128
158
108
133
123
44
108
26
17
114
17
149
134
135
94
158
158
161
170
153
132
147
142
148
116
149
119
135
104
113
111
116
108
114
110
111
30
124
43
130
130
112
41
146
154
141
29
140
184
137
147
146
125
23
131
124
145
58
129
85
144
134
146
129
132
128
113
112
63
141
130
128
148
138
15
137
151
135
102
127
148
47
125
104
132
109
112
190
119
117
123
117
133
40
135
132
84
160
124
130
122
128
118
140
134
136
141
138
164
136
34
108
107
113
150
142
179
150
155
140
130
139
153
135
133
83
108
159
128
110
116
133
135
141
137
139
174
125
85
125
129
112
129
143
161
144
138
143
150
133
172
171
28
129
117
141
161
179
140
125
120
128
166
163
119
133
140
150
130
25
110
148
120
126
114
111
114
127
25
104
110
107
116
111
157
126
115
148
145
141
115
114
127
134
155
69
112
102
111
124
145
124
200
126
132
111
112
139
163
46
106
100
124
128
130
134
140
117
131
129
125
129
124
149
128
128
130
123
114
126
122
107
128
29
117
146
127
128
126
54
125
59
135
139
58
143
140
140
60
155
130
130
131
116
125
154
142
132
137
73
129
147
42
133
114
117
133
93
117
128
141
127
134
160
112
111
115
128
125
124
135
117
113
124
147
114
128
131
115
113
113
128
143
124
114
139
155
64
161
108
136
129
123
131
130
129
148
129
112
104
115
107
103
61
94
111
97
98
93
141
136
132
129
112
113
145
136
138
140
169
137
138
132
121
129
135
144
109
125
36
135
24
101
111
115
130
117
26
114
105
124
110
11
136
123
146
130
142
130
107
108
113
148
129
106
107
102
104
110
131
79
103
107
111
126
136
139
128
159
113
117
114
126
113
111
127
87
134
129
125
41
128
111
132
34
115
141
115
114
113
109
116
148
142
45
127
111
55
116
135
142
131
133
126
172
131
123
39
111
110
107
69
31
128
115
127
140
131
116
129
115
130
131
148
136
140
101
117
130
115
127
129
112
111
127
125
110
129
149
136
99
133
135
139
143
159
128
124
136
36
124
111
111
131
51
115
112
114
110
115
104
130
128
128
116
128
106
133
129
143
60
141
139
142
130
128
146
50
127
128
111
49
104
128
130
150
124
127
132
133
68
114
95
129
122
111
28
114
137
114
116
123
127
131
114
109
128
134
136
107
107
126
129
97
117
128
128
124
75
115
116
126
87
129
145
114
150
118
89
